0	0	0	1	2	3	4	5	6	7	8	9	10	11	12	13	14	15
0	1	16	17	18	19	20	21	22	23	10	24	12	13	14	25
0	2	26	17	17	27	28	29	24	12	13	14	25
0	3	26	17	17	27	28	29	24	12	13	14	25
0	4	16	30	31	32	33	34	10	11	35	36	37	25
0	5	16	30	31	32	33	34	10	11	35	36	37	25
0	6	38	17	18	39	40	6	41	11	12	13	14	25
0	7	38	17	18	39	40	6	41	11	12	13	14	42
1	0	43	1	44	45	3	4	21	22	18	33	5	46	6	47	11	35	36	48	15
1	1	16	49	18	46	30	43	31	44	32	45	3	33	5	6	50	51	52	53	48	54
1	2	16	46	30	17	31	44	45	50	11	35	13	14	54
1	3	16	46	30	17	31	44	45	50	11	35	13	14	54
1	4	16	46	30	17	31	44	45	50	11	35	13	14	25
1	5	16	18	30	32	45	33	8	50	11	35	13	14	42
2	0	43	55	31	45	33	56	6	57	10	58	11	35	36	37	15
2	1	16	18	30	1	55	31	32	21	22	33	56	6	58	50	11	35	36	37	25
2	2	38	17	18	21	22	27	56	6	58	59	24	12	36	37	42
3	0	43	55	31	45	33	56	6	57	10	58	11	35	36	37	15
3	1	16	18	30	1	55	31	32	21	22	33	56	6	58	50	11	35	36	37	25
3	2	38	18	21	22	58	11	35	36	37	25
3	3	16	18	30	17	31	44	32	21	22	58	11	35	36	37	42
4	0	43	0	1	20	60	2	44	4	27	61	5	6	7	9	62	24	12	36	14	15
4	1	38	63	64	65	60	66	67	68	69	70	62	11	12	71	72	73
4	2	16	19	20	74	66	67	11	12	13	72	42
5	0	47	11	12	13	37	15
5	1	16	30	45	8	50	11	35	13	37	54
5	2	16	18	30	32	45	33	8	50	11	35	13	14	75
5	3	16	46	30	17	31	44	45	50	11	35	13	14	42
6	0	0	60	2	21	22	18	27	76	77	6	7	67	78	24	12	13	14	15
6	1	16	17	18	19	17	67	78	24	12	13	14	73
6	2	16	19	20	74	66	67	11	12	13	72	25
6	3	16	17	79	7	80	18	17	21	22	67	24	12	36	14	25
6	4	16	81	17	32	67	11	12	13	14	25
6	5	38	18	56	6	67	82	24	12	36	14	42
7	0	43	0	1	2	31	45	21	22	10	29	11	12	36	14	15
7	1	16	30	31	32	33	34	10	11	35	36	37	25
7	2	16	0	17	17	83	63	84	65	60	77	66	28	29	24	12	71	72	25
7	3	26	17	17	27	28	29	24	12	13	14	25
7	4	16	30	31	32	33	34	10	11	35	36	37	54
7	5	16	18	56	34	24	85	71	72	25
7	6	16	17	18	19	20	21	22	23	10	24	12	13	14	42
8	0	43	0	1	2	31	45	21	22	10	29	11	12	36	14	15
8	1	16	30	31	32	33	34	10	11	35	36	37	54
8	2	16	18	56	34	24	85	71	72	25
8	3	16	18	17	74	21	22	34	86	24	12	13	14	25
8	4	16	17	18	19	20	21	22	23	10	24	12	13	14	42
9	0	19	0	60	2	87	61	88	89	5	90	66	7	67	91	92	85	13	72	15
9	1	16	17	88	89	20	17	64	66	67	91	92	85	71	72	25
9	2	16	17	18	19	20	61	66	67	70	62	24	12	71	72	42
10	0	0	1	2	3	4	5	6	7	8	9	10	11	12	13	14	15
10	1	16	17	18	19	20	21	22	23	10	24	12	13	14	25
10	2	26	17	17	27	28	29	24	12	13	14	42
11	0	43	1	44	3	4	21	22	18	5	56	6	90	7	10	11	35	53	37	15
11	1	16	17	18	19	20	21	22	23	10	24	12	13	14	25
11	2	38	18	39	17	93	27	94	24	12	36	14	25
11	3	16	46	55	8	41	11	35	36	37	25
11	4	26	17	18	17	21	22	27	95	8	94	24	12	13	14	25
11	5	38	17	18	39	40	6	41	11	12	13	14	25
11	6	26	18	46	43	1	21	22	56	6	41	11	35	36	37	25
11	7	16	17	18	19	20	21	22	23	10	24	12	13	14	25
11	8	16	18	30	17	21	22	41	11	12	36	14	25
11	9	16	30	31	32	33	34	10	11	35	36	37	25
11	10	38	17	19	20	21	22	96	24	12	13	14	42
12	0	43	1	44	3	4	21	22	18	5	56	6	90	7	10	11	35	53	37	15
12	1	16	17	18	19	20	21	22	23	10	24	12	13	14	25
12	2	38	17	19	20	21	22	96	24	12	13	14	25
12	3	38	17	19	20	21	22	96	24	12	13	14	25
12	4	16	30	31	32	33	34	10	11	35	36	37	25
12	5	16	30	31	32	33	34	10	11	35	36	37	25
12	6	16	18	30	17	21	22	41	11	12	36	14	25
12	7	16	18	30	17	21	22	41	11	12	36	14	25
12	8	16	17	18	19	20	21	22	23	10	24	12	13	14	25
12	9	16	17	18	19	20	21	22	23	10	24	12	13	14	25
12	10	16	17	18	19	20	21	22	23	10	24	12	13	14	25
12	11	26	18	46	43	1	21	22	56	6	41	11	35	36	37	25
12	12	26	18	46	43	1	21	22	56	6	41	11	35	36	37	25
12	13	26	18	46	43	1	21	22	56	6	41	11	35	36	37	25
12	14	26	18	46	43	1	21	22	56	6	41	11	35	36	37	42
13	0	43	0	1	20	60	2	44	4	27	61	5	6	7	9	62	24	12	36	14	15
13	1	38	63	64	65	60	66	67	68	69	70	62	11	12	71	72	25
13	2	16	17	18	19	20	61	66	67	70	62	24	12	71	72	42
14	0	43	1	44	3	4	21	22	18	5	56	6	90	7	10	11	35	53	37	15
14	1	16	17	18	19	20	21	22	23	10	24	12	13	14	25
14	2	26	17	18	17	21	22	27	95	8	94	24	12	13	14	25
14	3	38	17	18	39	17	27	6	97	41	24	12	36	14	42
15	0	43	0	31	44	3	4	18	61	40	5	7	98	34	11	35	53	37	15
15	1	38	18	39	1	17	31	44	32	21	22	33	6	34	11	35	36	37	25
15	2	38	18	39	1	17	44	3	21	22	27	40	5	6	82	34	11	12	36	37	42
16	0	43	0	1	20	60	2	44	4	27	61	5	6	7	9	62	24	12	36	14	15
16	1	38	63	64	65	60	66	67	68	69	70	62	11	12	71	72	73
16	2	38	63	64	65	60	66	67	68	69	70	62	11	12	71	72	99
16	3	16	17	18	19	20	61	66	67	70	62	24	12	71	72	25
16	4	16	46	30	17	31	32	67	58	24	12	13	14	25
16	5	16	18	1	21	22	56	6	67	11	35	13	14	25
16	6	38	18	56	6	67	82	24	12	36	14	75
16	7	38	63	64	65	60	66	67	68	69	70	62	11	12	71	72	25
16	8	38	17	100	17	74	63	101	65	60	66	67	70	62	24	12	71	72	42
17	0	0	20	2	5	90	67	62	24	12	13	14	15
17	1	16	17	18	19	20	61	66	67	70	62	24	12	71	72	25
17	2	16	17	18	19	17	67	78	24	12	13	14	42
18	0	0	1	2	3	4	5	6	7	8	9	10	11	12	13	14	15
18	1	16	17	18	19	20	21	22	23	10	24	12	13	14	25
18	2	16	30	31	32	33	34	10	11	35	36	37	42
19	0	43	0	1	20	60	2	44	4	27	61	5	6	7	9	62	24	12	36	14	15
19	1	38	63	64	65	60	66	67	68	69	70	62	11	12	71	72	25
19	2	16	0	17	17	83	63	84	65	60	77	66	28	29	24	12	71	72	42
20	0	0	60	2	21	22	18	27	102	65	6	90	103	24	12	13	14	15
20	1	26	4	18	17	27	5	103	82	24	12	13	14	25
20	2	38	79	7	80	4	18	39	1	17	93	31	3	21	22	40	5	95	6	103	24	12	36	37	42
21	0	43	1	2	31	44	21	22	18	77	6	58	92	12	36	37	15
21	1	16	18	30	1	55	31	32	21	22	33	56	6	58	50	11	35	36	37	25
21	2	26	74	21	22	97	58	104	24	12	13	14	54
21	3	0	18	105	106	74	63	27	107	58	24	12	13	72	42
22	0	43	1	44	45	3	4	21	22	18	33	5	46	6	47	11	35	36	48	15
22	1	16	49	18	46	30	43	31	44	32	45	3	33	5	6	50	51	52	53	48	25
22	2	16	18	30	1	55	31	32	21	22	33	56	6	58	50	11	35	36	37	25
22	3	16	46	30	31	32	45	21	22	103	11	35	13	14	25
22	4	16	30	31	44	32	45	27	33	95	50	11	35	36	37	25
22	5	38	79	7	80	4	18	39	1	17	93	31	3	21	22	40	5	95	6	103	24	12	36	37	25
22	6	26	18	46	1	17	31	21	22	33	95	6	50	24	12	36	37	25
22	7	16	18	30	17	31	45	21	22	27	65	60	103	11	35	13	14	42
23	0	43	0	1	2	31	45	21	22	10	29	11	12	36	14	15
23	1	16	30	31	32	33	34	10	11	35	36	37	54
23	2	16	18	56	34	24	85	71	72	42
24	0	38	9	92	85	71	14	15
24	1	38	68	69	92	85	71	14	54
24	2	26	17	18	81	19	20	17	5	66	97	68	69	108	109	11	12	71	72	25
24	3	38	63	64	65	60	66	67	68	69	70	62	11	12	71	72	42
25	0	43	1	44	45	3	4	21	22	18	33	5	46	6	47	11	35	36	48	15
25	1	16	49	18	46	30	43	31	44	32	45	3	33	5	6	50	51	52	53	48	25
25	2	16	49	18	46	30	43	31	44	32	21	22	33	50	51	52	36	37	25
25	3	16	30	31	44	32	45	27	33	95	50	11	35	36	37	25
25	4	38	79	7	80	4	18	39	1	17	93	31	3	21	22	40	5	95	6	103	24	12	36	37	25
25	5	26	18	46	1	17	31	21	22	33	95	6	50	24	12	36	37	25
25	6	16	46	30	31	32	45	21	22	103	11	35	13	14	42
26	0	19	0	60	2	21	22	76	102	110	111	34	24	12	13	14	15
26	1	38	17	18	1	17	44	21	22	40	6	82	34	24	12	13	37	73
26	2	38	18	39	1	17	44	3	21	22	27	40	5	6	82	34	11	12	36	37	42
27	0	0	60	2	21	22	18	27	76	77	6	7	67	78	24	12	13	14	15
27	1	16	17	18	19	17	67	78	24	12	13	14	25
27	2	26	18	17	74	67	58	78	24	12	71	14	54
27	3	16	17	18	19	17	65	60	67	78	24	85	112	72	25
27	4	38	74	63	66	8	67	24	12	71	72	25
27	5	38	74	63	66	8	67	24	12	71	72	42
28	0	0	60	2	21	22	88	89	7	113	96	24	12	71	14	15
28	1	26	88	89	17	63	113	24	12	71	14	75
28	2	26	88	89	17	63	113	24	12	71	14	25
28	3	26	17	20	55	63	113	11	12	71	14	42
29	0	43	0	60	31	5	6	103	11	35	13	14	15
29	1	26	4	18	17	27	5	103	82	24	12	13	14	73
29	2	38	114	4	18	17	5	6	82	23	11	12	36	14	42
30	0	0	60	2	21	22	88	89	7	113	96	24	12	71	14	15
30	1	26	88	89	17	63	113	24	12	71	14	73
30	2	26	17	17	63	113	24	12	13	72	42
31	0	98	92	85	71	14	15
31	1	26	18	17	98	92	85	71	14	73
31	2	26	17	81	74	98	115	24	85	112	72	73
31	3	38	18	74	21	22	115	116	24	12	71	14	73
31	4	38	32	115	24	12	13	14	42
32	0	43	0	31	44	3	4	18	61	40	5	7	98	34	11	35	53	37	15
32	1	38	18	39	1	17	31	44	32	21	22	33	6	34	11	35	36	37	54
32	2	16	18	56	34	24	85	71	72	25
32	3	16	18	21	22	56	34	24	12	36	14	25
32	4	38	18	39	1	17	21	22	6	34	11	12	13	14	25
32	5	38	18	39	1	3	21	22	117	102	6	34	24	12	13	14	42
33	0	38	9	92	85	71	14	15
33	1	38	68	69	92	85	71	14	25
33	2	26	18	17	21	22	95	117	102	82	92	85	71	14	42
34	0	43	0	1	2	31	45	21	22	10	29	11	12	36	14	15
34	1	16	30	31	32	33	34	10	11	35	36	37	25
34	2	16	0	17	17	83	63	84	65	60	77	66	28	29	24	12	71	72	25
34	3	26	17	17	27	28	29	24	12	13	14	25
34	4	26	17	17	27	84	64	65	60	117	102	77	66	28	29	92	85	71	72	25
34	5	26	18	46	43	1	31	44	32	45	33	118	119	120	51	35	36	37	25
34	6	26	18	46	43	1	21	22	56	6	41	11	35	36	37	25
34	7	16	0	17	63	8	120	119	24	12	71	72	25
34	8	26	0	17	18	17	83	63	84	66	28	29	92	85	112	72	25
34	9	38	82	29	92	85	71	14	25
34	10	16	17	18	19	20	21	22	23	10	24	12	13	14	25
34	11	16	0	17	17	83	63	84	65	60	77	66	28	29	24	12	71	72	25
34	12	26	17	17	27	84	64	65	60	117	102	77	66	28	29	92	85	71	72	42
35	0	43	0	1	2	31	45	21	22	10	29	11	12	36	14	15
35	1	16	30	31	32	33	34	10	11	35	36	37	25
35	2	26	17	17	27	28	29	24	12	13	14	121
35	3	26	17	17	27	28	29	24	12	13	14	54
35	4	16	0	17	17	83	63	84	65	60	77	66	28	29	24	12	71	72	42
36	0	43	1	60	2	4	61	65	77	6	122	24	12	71	14	15
36	1	26	81	122	24	85	71	72	25
36	2	26	17	81	63	64	123	124	120	24	85	71	72	25
36	3	26	74	124	24	12	71	14	25
36	4	16	0	17	63	8	120	119	24	12	71	72	25
36	5	26	81	122	24	85	71	72	73
36	6	26	74	124	24	12	71	14	73
36	7	38	0	74	124	11	12	71	72	25
36	8	16	1	44	5	124	51	35	36	37	42
37	0	43	0	1	2	31	3	4	27	88	89	5	76	6	66	7	103	110	11	12	13	37	15
37	1	26	4	18	17	27	5	103	82	24	12	13	14	25
37	2	26	18	46	17	31	44	32	27	103	11	35	36	37	42
38	0	43	0	31	44	3	4	18	61	40	5	7	98	34	11	35	53	37	15
38	1	38	18	39	1	17	31	44	32	21	22	33	6	34	11	35	36	37	25
38	2	38	17	18	1	33	56	101	6	34	11	35	36	37	99
38	3	26	17	18	19	17	21	22	61	117	102	34	78	92	12	13	14	73
38	4	16	18	17	74	21	22	34	86	24	12	13	14	42
39	0	43	1	44	3	4	21	22	18	5	56	6	90	7	10	11	35	53	37	15
39	1	16	17	18	19	20	21	22	23	10	24	12	13	14	25
39	2	16	30	31	32	33	34	10	11	35	36	37	25
39	3	38	17	18	39	40	6	41	11	12	13	14	42
40	0	26	60	21	22	18	27	5	56	65	6	90	7	110	11	12	36	14	15
40	1	38	114	4	18	17	5	6	82	23	11	12	36	14	25
40	2	18	21	22	82	23	92	85	71	14	42
41	0	0	2	44	45	21	22	18	6	123	125	11	12	13	14	15
41	1	38	17	18	74	21	22	6	57	123	125	92	85	71	14	25
41	2	26	18	123	11	12	13	14	42
42	0	43	0	1	2	31	3	4	27	88	89	5	76	6	66	7	103	110	11	12	13	37	15
42	1	26	4	18	17	27	5	103	82	24	12	13	14	25
42	2	38	17	18	39	46	17	27	5	6	103	11	12	13	14	42
43	0	9	92	85	71	14	15
43	1	38	68	69	92	85	71	14	25
43	2	26	18	17	98	92	85	71	14	25
43	3	16	17	88	89	17	117	102	126	92	85	71	14	42
44	0	43	0	1	2	31	3	4	27	88	89	5	76	6	66	7	103	110	11	12	13	37	15
44	1	26	4	18	17	27	5	103	82	24	12	13	14	25
44	2	38	18	31	44	3	5	6	103	11	35	36	37	42
45	0	2	34	11	35	13	14	15
45	1	38	18	39	1	17	31	44	32	21	22	33	6	34	11	35	36	37	25
45	2	38	18	39	1	17	21	22	6	34	11	12	13	14	25
45	3	38	17	88	89	17	34	24	12	13	14	25
45	4	16	30	31	32	33	34	10	11	35	36	37	25
45	5	38	17	18	21	22	127	34	24	12	13	14	25
45	6	16	17	18	19	17	63	21	22	34	11	12	71	14	42
46	0	43	0	1	2	3	4	21	22	18	61	40	5	6	7	9	10	11	35	36	37	15
46	1	16	30	31	32	33	34	10	11	35	36	37	25
46	2	16	18	30	17	21	22	41	11	12	36	14	25
46	3	26	17	79	7	80	18	19	20	17	27	65	60	77	68	69	108	109	92	85	71	72	25
46	4	16	17	18	19	20	21	22	23	10	24	12	13	14	25
46	5	38	63	64	65	60	66	67	68	69	70	62	11	12	71	72	25
46	6	16	17	63	21	22	27	117	102	68	69	24	12	13	14	25
46	7	26	0	17	18	17	83	63	84	66	28	29	92	85	112	72	42
47	0	19	0	1	2	21	22	18	27	110	111	34	24	12	13	14	15
47	1	38	17	18	1	17	44	21	22	40	6	82	34	24	12	13	37	25
47	2	38	18	39	1	3	21	22	117	102	6	34	24	12	13	14	73
47	3	38	18	39	1	17	21	22	6	34	11	12	13	14	73
47	4	38	18	39	1	17	44	3	21	22	27	40	5	6	82	34	11	12	36	37	25
47	5	38	18	39	1	17	31	44	32	21	22	33	6	34	11	35	36	37	25
47	6	16	30	31	32	33	34	10	11	35	36	37	25
47	7	38	17	18	1	33	56	101	6	34	11	35	36	37	25
47	8	38	18	39	1	17	44	3	21	22	27	40	5	6	82	34	11	12	36	37	42
48	0	123	24	12	13	14	15
48	1	26	17	81	63	64	123	124	120	24	85	71	72	73
48	2	16	0	17	63	8	120	119	24	12	71	72	42
49	0	0	1	60	2	21	22	40	65	110	111	92	12	71	14	15
49	1	38	17	21	22	82	23	24	12	13	14	54
49	2	26	17	18	88	89	19	20	74	21	22	82	23	24	85	71	72	128
49	3	26	18	17	21	22	27	82	23	24	12	13	14	42
50	0	1	20	2	87	21	22	27	101	57	90	66	7	67	92	85	13	14	15
50	1	16	17	18	19	17	67	78	24	12	13	14	25
50	2	38	17	79	7	80	88	89	19	87	20	93	27	117	102	67	129	92	85	71	14	25
50	3	16	18	19	17	74	21	22	67	86	24	12	71	14	42
51	0	43	31	44	45	3	18	5	77	130	51	35	36	37	15
51	1	26	18	46	43	1	31	44	32	45	33	118	119	120	51	35	36	37	54
51	2	16	0	17	63	8	120	119	24	12	71	72	73
51	3	26	18	46	43	1	31	44	32	45	33	118	119	120	51	35	36	37	75
51	4	16	0	17	63	8	120	119	24	12	71	72	42
52	0	43	2	21	22	5	65	77	111	11	12	13	14	15
52	1	38	17	21	22	82	23	24	12	13	14	25
52	2	38	114	4	18	17	5	6	82	23	11	12	36	14	25
52	3	18	21	22	82	23	92	85	71	14	42
53	0	43	0	1	2	31	45	21	22	10	29	11	12	36	14	15
53	1	16	30	31	32	33	34	10	11	35	36	37	25
53	2	38	82	29	92	85	71	14	25
53	3	26	17	17	27	84	64	65	60	117	102	77	66	28	29	92	85	71	72	42
54	0	0	1	2	3	4	5	6	7	8	9	10	11	12	13	14	15
54	1	16	17	18	19	20	21	22	23	10	24	12	13	14	73
54	2	38	114	4	18	17	5	6	82	23	11	12	36	14	99
54	3	26	88	89	93	31	32	21	22	8	129	103	82	92	85	71	14	42
55	0	0	60	4	21	22	18	61	5	102	7	10	92	85	13	14	15
55	1	16	17	18	19	20	21	22	23	10	24	12	13	14	73
55	2	38	114	4	18	17	5	6	82	23	11	12	36	14	42
56	0	26	60	21	22	18	27	5	56	65	6	90	7	110	11	12	36	14	15
56	1	38	114	4	18	17	5	6	82	23	11	12	36	14	73
56	2	16	18	30	17	55	31	21	22	8	82	11	35	36	14	99
56	3	16	18	30	17	55	31	21	22	8	82	11	35	36	14	25
56	4	38	18	39	1	31	44	32	3	21	22	6	82	11	35	36	37	25
56	5	38	18	39	1	17	31	3	5	6	8	82	11	35	36	37	25
56	6	16	30	31	32	21	22	8	82	11	35	36	37	25
56	7	16	30	1	31	44	32	45	21	22	40	33	5	118	82	51	35	36	37	25
56	8	16	18	30	17	55	31	21	22	8	82	11	35	36	14	42
57	0	19	0	1	2	21	22	18	27	110	111	34	24	12	13	14	15
57	1	38	17	18	1	17	44	21	22	40	6	82	34	24	12	13	37	128
57	2	26	88	89	93	31	32	21	22	8	129	103	82	92	85	71	14	42
58	0	43	1	31	45	3	18	33	5	56	130	51	52	53	48	15
58	1	26	18	46	43	1	31	44	45	3	21	22	33	5	118	51	52	53	48	25
58	2	38	49	18	46	1	31	44	45	33	56	84	6	118	51	52	53	48	25
58	3	26	18	46	43	1	31	44	32	45	33	118	119	120	51	35	36	37	25
58	4	16	18	30	43	1	31	44	21	22	6	118	51	35	36	37	25
58	5	38	49	18	46	43	1	31	44	32	45	3	21	22	33	5	6	118	51	52	53	48	25
58	6	16	18	30	43	1	83	31	44	32	21	22	40	33	5	84	95	118	82	120	51	52	53	48	25
58	7	16	49	18	46	30	43	31	44	32	21	22	33	50	51	52	36	37	42
59	0	19	0	1	2	21	22	18	27	110	111	34	24	12	13	14	15
59	1	38	17	18	1	17	44	21	22	40	6	82	34	24	12	13	37	25
59	2	38	18	39	1	17	21	22	6	34	11	12	13	14	42
60	0	19	0	1	2	21	22	18	27	110	111	34	24	12	13	14	15
60	1	38	17	18	1	17	44	21	22	40	6	82	34	24	12	13	37	25
60	2	38	18	39	1	3	21	22	117	102	6	34	24	12	13	14	25
60	3	38	18	39	1	17	21	22	6	34	11	12	13	14	54
60	4	16	18	56	34	24	85	71	72	42
61	0	43	0	1	2	31	45	21	22	10	29	11	12	36	14	15
61	1	16	30	31	32	33	34	10	11	35	36	37	25
61	2	38	82	29	92	85	71	14	25
61	3	16	0	17	63	8	120	119	24	12	71	72	42
62	0	5	97	123	11	131	132	72	15
62	1	26	17	88	89	123	125	11	85	112	72	25
62	2	26	17	18	81	63	123	125	24	85	112	14	42
63	0	0	1	2	3	4	5	6	7	8	9	10	11	12	13	14	15
63	1	16	17	18	19	20	21	22	23	10	24	12	13	14	73
63	2	38	114	4	18	17	5	6	82	23	11	12	36	14	42
64	0	19	0	1	2	21	22	18	27	110	111	34	24	12	13	14	15
64	1	38	17	18	1	17	44	21	22	40	6	82	34	24	12	13	37	54
64	2	26	17	18	88	89	19	20	74	21	22	82	23	24	85	71	72	25
64	3	38	17	21	22	82	23	24	12	13	14	42
65	0	43	0	1	2	31	45	21	22	10	29	11	12	36	14	15
65	1	16	30	31	32	33	34	10	11	35	36	37	25
65	2	26	18	46	43	1	21	22	56	6	41	11	35	36	37	42
66	0	38	19	0	1	20	60	2	3	4	21	22	18	61	5	7	67	91	92	85	13	14	15
66	1	16	17	88	89	20	17	64	66	67	91	92	85	71	72	25
66	2	114	17	18	88	89	19	87	20	63	21	22	27	61	67	70	62	92	12	13	72	42
67	0	43	1	44	3	4	21	22	18	5	56	6	90	7	10	11	35	53	37	15
67	1	16	17	18	19	20	21	22	23	10	24	12	13	14	25
67	2	26	81	17	63	8	41	133	134	11	12	13	14	25
67	3	26	17	18	17	21	22	27	95	8	94	24	12	13	14	25
67	4	16	30	31	32	33	34	10	11	35	36	37	25
67	5	38	17	18	39	17	27	6	97	41	24	12	36	14	25
67	6	16	17	18	19	20	21	22	23	10	24	12	13	14	25
67	7	16	46	55	8	41	11	35	36	37	25
67	8	38	17	18	39	40	6	41	11	12	13	14	25
67	9	38	18	39	17	93	27	94	24	12	36	14	25
67	10	26	18	46	43	1	21	22	56	6	41	11	35	36	37	25
67	11	26	17	18	17	21	22	27	95	8	94	24	12	13	14	25
67	12	38	17	19	20	21	22	96	24	12	13	14	25
67	13	16	49	18	46	30	43	31	44	32	21	22	33	50	51	52	36	37	42
68	0	19	43	0	1	2	45	21	22	33	6	67	58	92	12	36	37	15
68	1	26	18	17	74	67	58	78	24	12	71	14	25
68	2	16	46	30	17	31	32	67	58	24	12	13	14	42
69	0	43	0	1	20	60	2	44	4	27	61	5	6	7	9	62	24	12	36	14	15
69	1	38	63	64	65	60	66	67	68	69	70	62	11	12	71	72	128
69	2	16	17	18	17	21	22	67	78	24	12	71	14	42
70	0	43	0	1	2	31	45	21	22	10	29	11	12	36	14	15
70	1	16	30	31	32	33	34	10	11	35	36	37	54
70	2	16	30	31	32	33	34	10	11	35	36	37	25
70	3	16	0	17	17	83	63	84	65	60	77	66	28	29	24	12	71	72	42
71	0	43	1	44	3	4	21	22	18	5	56	6	90	7	10	11	35	53	37	15
71	1	16	17	18	19	20	21	22	23	10	24	12	13	14	25
71	2	38	17	18	39	17	27	6	97	41	24	12	36	14	25
71	3	38	17	18	39	40	6	41	11	12	13	14	25
71	4	16	18	30	17	21	22	41	11	12	36	14	25
71	5	38	17	19	20	21	22	96	24	12	13	14	25
71	6	16	30	31	32	33	34	10	11	35	36	37	25
71	7	26	17	18	17	21	22	27	95	8	94	24	12	13	14	25
71	8	26	81	17	63	8	41	133	134	11	12	13	14	42
72	0	2	55	40	124	11	12	71	14	15
72	1	26	17	81	63	64	123	124	120	24	85	71	72	99
72	2	16	0	17	63	8	120	119	24	12	71	72	42
73	0	0	1	60	2	21	22	40	65	110	111	92	12	71	14	15
73	1	38	17	21	22	82	23	24	12	13	14	73
73	2	38	114	4	18	17	5	6	82	23	11	12	36	14	99
73	3	26	88	89	93	31	32	21	22	8	129	103	82	92	85	71	14	42
74	0	0	1	2	3	4	5	6	7	8	9	10	11	12	13	14	15
74	1	16	17	18	19	20	21	22	23	10	24	12	13	14	73
74	2	38	114	4	18	17	5	6	82	23	11	12	36	14	73
74	3	38	114	4	18	17	5	6	82	23	11	12	36	14	25
74	4	16	30	31	32	33	34	10	11	35	36	37	42
75	0	9	92	85	71	14	15
75	1	38	68	69	92	85	71	14	75
75	2	26	17	18	81	19	20	17	5	66	97	68	69	108	109	11	12	71	72	73
75	3	26	17	18	81	19	20	17	5	66	97	68	69	108	109	11	12	71	72	75
75	4	26	17	79	7	80	18	19	20	17	27	65	60	77	68	69	108	109	92	85	71	72	99
75	5	26	17	18	81	19	20	17	5	66	97	68	69	108	109	11	12	71	72	128
75	6	38	63	64	65	60	66	67	68	69	70	62	11	12	71	72	42
76	0	0	1	60	2	21	22	40	65	110	111	92	12	71	14	15
76	1	38	17	21	22	82	23	24	12	13	14	25
76	2	26	17	18	19	20	74	21	22	82	23	24	12	71	14	42
77	0	26	60	21	22	18	27	5	56	65	6	90	7	110	11	12	36	14	15
77	1	38	114	4	18	17	5	6	82	23	11	12	36	14	54
77	2	26	17	18	88	89	19	20	74	21	22	82	23	24	85	71	72	42
78	0	43	0	1	20	60	2	44	4	27	61	5	6	7	9	62	24	12	36	14	15
78	1	38	63	64	65	60	66	67	68	69	70	62	11	12	71	72	25
78	2	114	17	18	88	89	19	87	20	63	21	22	27	61	67	70	62	92	12	13	72	25
78	3	16	17	18	19	20	61	66	67	70	62	24	12	71	72	25
78	4	16	0	17	17	83	63	84	65	60	77	66	28	29	24	12	71	72	42
79	0	34	92	85	71	14	15
79	1	38	34	92	85	71	14	25
79	2	16	18	17	34	24	12	13	14	25
79	3	38	17	18	21	22	127	34	24	12	13	14	25
79	4	16	55	31	32	21	22	67	34	11	12	13	37	25
79	5	16	18	17	34	24	12	13	14	25
79	6	38	18	39	1	17	21	22	6	34	11	12	13	14	25
79	7	16	17	63	97	34	86	135	11	12	71	14	42
80	0	20	60	2	31	21	22	61	5	7	68	69	92	85	71	14	15
80	1	26	17	79	7	80	18	19	20	17	27	65	60	77	68	69	108	109	92	85	71	72	73
80	2	26	17	18	81	19	20	17	5	66	97	68	69	108	109	11	12	71	72	42
81	0	20	60	2	31	21	22	61	5	7	68	69	92	85	71	14	15
81	1	26	17	79	7	80	18	19	20	17	27	65	60	77	68	69	108	109	92	85	71	72	73
81	2	26	17	18	81	19	20	17	5	66	97	68	69	108	109	11	12	71	72	42
82	0	98	92	85	71	14	15
82	1	26	18	17	98	92	85	71	14	25
82	2	16	18	17	44	21	22	117	102	98	11	12	13	14	25
82	3	38	18	39	17	32	8	98	11	12	13	14	25
82	4	16	18	30	17	31	32	21	22	40	6	98	24	85	36	14	25
82	5	38	18	55	56	98	11	35	36	37	25
82	6	26	18	17	31	32	82	98	24	12	13	14	25
82	7	38	18	17	32	21	22	27	40	8	82	98	24	85	13	14	25
82	8	38	17	21	22	27	6	98	24	12	13	14	25
82	9	26	17	81	74	98	115	24	85	112	72	25
82	10	16	17	40	136	137	92	85	71	14	42
83	0	43	0	60	31	5	6	103	11	35	13	14	15
83	1	26	4	18	17	27	5	103	82	24	12	13	14	25
83	2	38	18	31	44	3	5	6	103	11	35	36	37	25
83	3	26	18	46	17	31	44	32	27	103	11	35	36	37	25
83	4	26	88	89	93	31	32	21	22	8	129	103	82	92	85	71	14	25
83	5	26	88	89	93	31	32	21	22	8	129	103	82	92	85	71	14	25
83	6	16	46	30	31	32	45	21	22	103	11	35	13	14	25
83	7	38	17	18	39	46	17	27	5	6	103	11	12	13	14	25
83	8	16	18	30	17	31	45	21	22	27	65	60	103	11	35	13	14	25
83	9	16	18	31	32	45	21	22	8	103	11	35	13	14	25
83	10	16	18	46	30	8	103	11	35	36	14	42
84	0	43	1	44	3	4	21	22	18	5	56	6	90	7	10	11	35	53	37	15
84	1	16	17	18	19	20	21	22	23	10	24	12	13	14	25
84	2	26	81	17	63	8	41	133	134	11	12	13	14	25
84	3	26	17	18	17	21	22	27	95	8	94	24	12	13	14	42
85	0	43	1	44	3	4	21	22	18	5	56	6	90	7	10	11	35	53	37	15
85	1	16	17	18	19	20	21	22	23	10	24	12	13	14	54
85	2	26	17	18	88	89	19	20	74	21	22	82	23	24	85	71	72	42
86	0	0	1	2	3	4	5	6	7	8	9	10	11	12	13	14	15
86	1	16	17	18	19	20	21	22	23	10	24	12	13	14	25
86	2	38	17	18	39	40	6	41	11	12	13	14	42
87	0	110	24	85	13	72	15
87	1	38	17	82	24	12	71	14	73
87	2	38	17	21	22	82	23	24	12	13	14	42
88	0	0	55	44	21	22	18	40	56	119	92	12	13	14	15
88	1	26	18	46	43	1	31	44	32	45	33	118	119	120	51	35	36	37	25
88	2	16	0	17	63	8	120	119	24	12	71	72	42
89	0	98	92	85	71	14	15
89	1	26	18	17	98	92	85	71	14	54
89	2	26	17	81	74	98	115	24	85	112	72	42
90	0	38	19	0	1	20	60	2	3	4	21	22	18	61	5	7	67	91	92	85	13	14	15
90	1	16	17	88	89	20	17	64	66	67	91	92	85	71	72	25
90	2	16	17	18	17	21	22	67	78	24	12	71	14	42
91	0	0	60	2	3	21	22	18	110	24	12	71	14	15
91	1	26	17	18	19	20	74	21	22	82	23	24	12	71	14	25
91	2	26	17	88	89	19	20	74	21	22	82	23	24	12	71	14	25
91	3	26	17	88	89	19	20	74	21	22	82	23	24	12	71	14	42
92	0	0	1	60	3	5	101	6	67	34	24	12	13	14	15
92	1	16	55	31	32	21	22	67	34	11	12	13	37	73
92	2	16	18	1	21	22	56	6	67	11	35	13	14	25
92	3	16	30	31	32	33	34	10	11	35	36	37	75
92	4	16	18	56	34	24	85	71	72	73
92	5	16	18	21	22	56	34	24	12	36	14	42
93	0	43	1	31	45	3	18	33	5	56	130	51	52	53	48	15
93	1	26	18	46	43	1	31	44	45	3	21	22	33	5	118	51	52	53	48	128
93	2	26	18	46	43	1	31	44	45	3	21	22	33	5	118	51	52	53	48	25
93	3	38	49	18	46	43	1	31	44	32	45	3	21	22	33	5	6	118	51	52	53	48	25
93	4	16	30	1	31	44	32	45	21	22	40	33	5	118	82	51	35	36	37	25
93	5	26	18	46	43	1	31	44	32	45	33	118	119	120	51	35	36	37	42
94	0	43	31	44	45	3	21	22	18	33	5	84	6	47	130	51	52	53	48	15
94	1	38	49	18	46	43	1	31	44	32	45	3	21	22	33	5	6	118	51	52	53	48	25
94	2	16	18	30	43	1	83	31	44	32	21	22	40	33	5	84	95	118	82	120	51	52	53	48	25
94	3	16	49	18	46	30	43	17	31	44	32	45	21	22	33	5	84	118	51	52	36	48	25
94	4	16	18	30	43	1	31	44	21	22	6	118	51	35	36	37	25
94	5	16	49	18	46	30	43	31	44	32	45	3	33	5	6	50	51	52	53	48	25
94	6	38	49	18	46	1	31	44	45	33	56	84	6	118	51	52	53	48	42
95	0	43	1	138	2	31	3	4	21	22	18	5	56	6	9	10	51	35	53	37	15
95	1	16	17	18	19	20	21	22	23	10	24	12	13	14	25
95	2	26	17	18	17	21	22	27	95	8	94	24	12	13	14	73
95	3	38	18	39	17	93	27	94	24	12	36	14	42
96	0	43	1	31	45	3	18	33	5	56	130	51	52	53	48	15
96	1	26	18	46	43	1	31	44	45	3	21	22	33	5	118	51	52	53	48	25
96	2	38	49	18	46	43	1	31	44	32	45	3	21	22	33	5	6	118	51	52	53	48	42
97	0	0	31	44	3	4	5	102	6	7	58	24	12	13	14	15
97	1	16	46	30	17	31	32	67	58	24	12	13	14	25
97	2	26	58	139	24	12	13	14	25
97	3	38	18	1	31	33	56	6	58	24	35	36	37	25
97	4	26	74	21	22	97	58	104	24	12	13	14	25
97	5	38	17	18	21	22	27	56	6	58	59	24	12	36	37	25
97	6	38	18	17	31	21	22	33	101	95	117	102	58	50	24	12	36	37	25
97	7	16	17	18	30	17	31	32	21	22	40	58	24	12	13	14	25
97	8	16	18	17	58	118	24	12	13	14	25
97	9	16	17	31	33	67	58	24	12	13	14	25
97	10	16	18	74	97	58	24	12	13	14	25
97	11	0	18	105	106	74	63	27	107	58	24	12	13	72	42
98	0	0	1	2	3	4	5	6	7	8	9	10	11	12	13	14	15
98	1	16	17	18	19	20	21	22	23	10	24	12	13	14	73
98	2	38	114	4	18	17	5	6	82	23	11	12	36	14	73
98	3	16	18	30	17	55	31	21	22	8	82	11	35	36	14	75
98	4	26	17	18	88	89	19	20	74	21	22	82	23	24	85	71	72	75
98	5	26	17	18	88	89	19	87	20	97	82	23	92	85	71	72	99
98	6	26	17	18	88	89	19	20	63	27	82	23	92	85	71	72	99
98	7	26	88	89	93	31	32	21	22	8	129	103	82	92	85	71	14	42
99	0	19	43	0	1	2	45	21	22	33	6	67	58	92	12	36	37	15
99	1	26	18	17	74	67	58	78	24	12	71	14	73
99	2	16	17	18	19	17	67	78	24	12	13	14	73
99	3	26	18	17	74	67	58	78	24	12	71	14	25
99	4	16	17	31	33	67	58	24	12	13	14	25
99	5	16	17	18	100	17	83	21	22	57	67	58	92	85	71	14	25
99	6	16	18	19	17	74	21	22	67	86	24	12	71	14	25
99	7	16	17	18	19	17	67	78	24	12	13	14	25
99	8	26	18	17	74	67	58	78	24	12	71	14	121
99	9	26	18	17	74	97	78	24	85	71	14	25
99	10	26	74	21	22	97	58	104	24	12	13	14	42
100	0	0	55	44	21	22	18	40	56	119	92	12	13	14	15
100	1	26	18	46	43	1	31	44	32	45	33	118	119	120	51	35	36	37	54
100	2	16	0	17	63	8	120	119	24	12	71	72	121
100	3	26	18	46	43	1	31	44	32	45	33	118	119	120	51	35	36	37	121
100	4	26	74	118	140	24	85	71	14	99
100	5	26	18	46	43	1	31	44	32	45	33	118	119	120	51	35	36	37	128
100	6	26	49	46	1	31	44	32	21	22	33	8	118	120	11	35	13	37	128
100	7	26	49	46	1	31	44	32	21	22	33	8	118	120	11	35	13	37	128
100	8	26	49	46	1	31	44	32	21	22	33	8	118	120	11	35	13	37	25
100	9	16	18	46	30	43	17	31	44	32	45	21	22	33	95	118	11	35	36	37	42
101	0	0	60	31	45	21	22	61	77	6	57	47	24	12	13	14	15
101	1	16	18	30	17	31	45	21	22	27	65	60	103	11	35	13	14	99
101	2	26	88	89	93	31	32	21	22	8	129	103	82	92	85	71	14	42
102	0	43	1	44	45	3	4	21	22	18	33	5	46	6	47	11	35	36	48	15
102	1	16	49	18	46	30	43	31	44	32	45	3	33	5	6	50	51	52	53	48	25
102	2	26	18	46	17	31	44	32	27	103	11	35	36	37	54
102	3	26	4	18	17	27	5	103	82	24	12	13	14	42
103	0	43	0	1	2	3	4	21	22	18	61	40	5	6	7	9	10	11	35	36	37	15
103	1	16	30	31	32	33	34	10	11	35	36	37	54
103	2	16	18	56	34	24	85	71	72	42
104	0	43	1	44	3	4	21	22	18	5	56	6	90	7	10	11	35	53	37	15
104	1	16	17	18	19	20	21	22	23	10	24	12	13	14	25
104	2	16	18	30	17	21	22	41	11	12	36	14	25
104	3	16	46	55	8	41	11	35	36	37	25
104	4	26	81	17	63	8	41	133	134	11	12	13	14	25
104	5	16	30	31	32	33	34	10	11	35	36	37	25
104	6	38	17	18	39	40	6	41	11	12	13	14	25
104	7	38	17	18	39	17	27	6	97	41	24	12	36	14	25
104	8	38	18	39	17	93	27	94	24	12	36	14	25
104	9	26	17	18	17	21	22	27	95	8	94	24	12	13	14	73
104	10	38	18	39	17	93	27	94	24	12	36	14	42
105	0	43	1	44	3	4	21	22	18	5	56	6	90	7	10	11	35	53	37	15
105	1	16	17	18	19	20	21	22	23	10	24	12	13	14	25
105	2	38	17	19	20	21	22	96	24	12	13	14	25
105	3	16	18	30	17	21	22	41	11	12	36	14	25
105	4	26	18	46	43	1	21	22	56	6	41	11	35	36	37	42
106	0	43	0	1	20	60	2	44	4	27	61	5	6	7	9	62	24	12	36	14	15
106	1	38	63	64	65	60	66	67	68	69	70	62	11	12	71	72	54
106	2	38	63	64	65	60	66	67	68	69	70	62	11	12	71	72	75
106	3	114	17	18	88	89	19	87	20	63	21	22	27	61	67	70	62	92	12	13	72	25
106	4	26	17	19	20	17	63	66	67	70	62	92	85	112	72	128
106	5	38	63	64	65	60	66	67	68	69	70	62	11	12	71	72	42
107	0	0	60	2	31	27	46	65	77	104	110	11	35	13	14	15
107	1	16	8	123	24	12	13	14	25
107	2	38	40	118	92	85	71	14	42
108	0	0	2	21	22	18	40	34	24	12	36	37	15
108	1	38	18	39	1	17	44	3	21	22	27	40	5	6	82	34	11	12	36	37	25
108	2	26	18	17	21	22	34	113	24	12	71	14	25
108	3	38	18	39	1	17	21	22	40	95	117	102	6	34	86	24	12	13	37	25
108	4	38	17	18	1	17	44	21	22	40	6	82	34	24	12	13	37	25
108	5	16	18	17	74	21	22	34	86	24	12	13	14	128
108	6	38	17	18	1	17	44	21	22	40	6	82	34	24	12	13	37	25
108	7	18	21	22	82	23	92	85	71	14	25
108	8	38	17	21	22	82	23	24	12	13	14	25
108	9	38	17	21	22	82	23	24	12	13	14	25
108	10	26	18	17	21	22	27	82	23	24	12	13	14	25
108	11	26	17	88	89	19	20	74	21	22	82	23	24	12	71	14	42
109	0	43	0	31	44	3	4	18	61	40	5	7	98	34	11	35	53	37	15
109	1	38	18	39	1	17	31	44	32	21	22	33	6	34	11	35	36	37	25
109	2	38	17	18	1	33	56	101	6	34	11	35	36	37	42
110	0	43	0	60	2	45	21	22	18	27	101	65	110	92	12	13	14	15
110	1	26	18	17	21	22	27	82	23	24	12	13	14	99
110	2	26	88	89	93	31	32	21	22	8	129	103	82	92	85	71	14	99
110	3	16	18	46	30	8	103	11	35	36	14	99
110	4	16	18	46	30	8	103	11	35	36	14	73
110	5	16	18	46	30	8	103	11	35	36	14	75
110	6	26	4	18	17	27	5	103	82	24	12	13	14	73
110	7	38	114	4	18	17	5	6	82	23	11	12	36	14	73
110	8	16	18	30	17	55	31	21	22	8	82	11	35	36	14	73
110	9	16	30	1	31	44	32	45	21	22	40	33	5	118	82	51	35	36	37	73
110	10	16	18	30	43	1	83	31	44	32	21	22	40	33	5	84	95	118	82	120	51	52	53	48	73
110	11	16	18	30	43	1	83	31	44	32	21	22	40	33	5	84	95	118	82	120	51	52	53	48	54
110	12	26	18	46	43	1	31	44	32	45	33	118	119	120	51	35	36	37	54
110	13	16	0	17	63	8	120	119	24	12	71	72	73
110	14	26	18	46	43	1	31	44	32	45	33	118	119	120	51	35	36	37	121
110	15	26	74	118	140	24	85	71	14	73
110	16	26	18	46	43	1	31	44	32	45	33	118	119	120	51	35	36	37	42
111	0	0	2	55	21	22	88	89	78	141	92	12	13	14	15
111	1	16	17	18	17	21	22	67	78	24	12	71	14	25
111	2	26	81	17	55	63	78	11	12	112	72	25
111	3	26	17	79	7	80	18	17	93	21	22	78	92	85	71	14	42
112	0	1	31	21	22	5	56	76	6	7	110	24	12	36	14	15
112	1	38	114	4	18	17	5	6	82	23	11	12	36	14	73
112	2	16	18	30	17	55	31	21	22	8	82	11	35	36	14	25
112	3	38	17	82	11	35	36	14	25
112	4	38	39	1	17	31	21	22	27	5	6	82	11	35	36	37	25
112	5	26	18	17	21	22	27	95	82	11	35	36	14	42
113	0	1	20	2	87	21	22	27	101	57	90	66	7	67	92	85	13	14	15
113	1	16	17	18	19	17	67	78	24	12	13	14	73
113	2	16	19	20	74	66	67	11	12	13	72	73
113	3	16	18	1	21	22	56	6	67	11	35	13	14	42
114	0	43	0	1	2	31	45	21	22	10	29	11	12	36	14	15
114	1	16	30	31	32	33	34	10	11	35	36	37	25
114	2	38	82	29	92	85	71	14	25
114	3	26	18	46	43	1	21	22	56	6	41	11	35	36	37	25
114	4	26	17	17	27	28	29	24	12	13	14	42
115	0	0	60	2	79	21	22	65	97	67	86	11	12	13	14	15
115	1	16	18	19	17	74	21	22	67	86	24	12	71	14	25
115	2	38	114	79	7	80	18	17	21	22	117	102	86	11	12	13	37	25
115	3	38	114	79	7	80	18	17	21	22	117	102	86	11	12	13	37	42
116	0	43	0	31	44	3	4	18	61	40	5	7	98	34	11	35	53	37	15
116	1	38	18	39	1	17	31	44	32	21	22	33	6	34	11	35	36	37	25
116	2	38	18	39	1	17	44	3	21	22	27	40	5	6	82	34	11	12	36	37	54
116	3	26	17	18	88	89	19	20	74	21	22	82	23	24	85	71	72	42
117	0	43	1	44	3	4	21	22	18	5	56	6	90	7	10	11	35	53	37	15
117	1	16	17	18	19	20	21	22	23	10	24	12	13	14	25
117	2	26	17	18	17	21	22	27	95	8	94	24	12	13	14	25
117	3	26	81	17	63	8	41	133	134	11	12	13	14	42
118	0	19	0	1	2	21	22	18	27	110	111	34	24	12	13	14	15
118	1	38	17	18	1	17	44	21	22	40	6	82	34	24	12	13	37	25
118	2	26	17	18	19	17	21	22	61	117	102	34	78	92	12	13	14	42
119	0	0	2	55	21	22	88	89	78	141	92	12	13	14	15
119	1	16	17	18	17	21	22	67	78	24	12	71	14	25
119	2	38	18	17	97	67	78	24	12	71	14	42
120	0	43	0	31	44	3	4	18	61	40	5	7	98	34	11	35	53	37	15
120	1	38	18	39	1	17	31	44	32	21	22	33	6	34	11	35	36	37	121
120	2	16	18	17	74	21	22	34	86	24	12	13	14	42
121	0	19	0	2	21	22	110	111	34	92	85	71	14	15
121	1	38	18	39	1	17	44	3	21	22	27	40	5	6	82	34	11	12	36	37	25
121	2	38	17	18	1	17	44	21	22	40	6	82	34	24	12	13	37	25
121	3	38	18	39	1	3	21	22	117	102	6	34	24	12	13	14	25
121	4	26	17	34	92	85	71	14	42
122	0	19	0	1	2	21	22	18	27	110	111	34	24	12	13	14	15
122	1	38	17	18	1	17	44	21	22	40	6	82	34	24	12	13	37	25
122	2	38	17	18	21	22	127	34	24	12	13	14	25
122	3	16	18	17	74	21	22	34	86	24	12	13	14	42
123	0	43	1	44	3	4	21	22	18	5	56	6	90	7	10	11	35	53	37	15
123	1	16	17	18	19	20	21	22	23	10	24	12	13	14	73
123	2	38	114	4	18	17	5	6	82	23	11	12	36	14	75
123	3	38	114	4	18	17	5	6	82	23	11	12	36	14	73
123	4	16	18	30	17	55	31	21	22	8	82	11	35	36	14	42
124	0	43	0	1	2	31	45	21	22	10	29	11	12	36	14	15
124	1	16	30	31	32	33	34	10	11	35	36	37	25
124	2	16	0	17	63	8	120	119	24	12	71	72	25
124	3	16	17	18	19	20	21	22	23	10	24	12	13	14	25
124	4	26	17	17	27	28	29	24	12	13	14	25
124	5	38	18	39	1	17	31	44	32	21	22	33	6	34	11	35	36	37	25
124	6	26	18	46	43	1	31	44	32	45	33	118	119	120	51	35	36	37	25
124	7	38	82	29	92	85	71	14	42
