0	0	0	1	1	2	3	4	5	6	7	8
0	1	9	10	11	0	10	3	12	13	14	15	7	16
0	2	9	0	17	18	19	3	20	14	15	21	22
1	0	0	23	24	1	25	18	1	26	27	28	29	30	31	20	14	6	7	8
1	1	9	10	11	0	10	26	32	33	31	20	14	6	7	16
1	2	34	11	35	36	10	32	33	37	31	20	14	15	7	22
2	0	34	1	26	38	13	14	6	21	8
2	1	39	10	40	26	41	42	38	43	13	5	6	21	44
2	2	39	18	38	13	14	6	7	22
3	0	45	23	36	1	46	47	48	11	49	50	51	52	20	14	53	54	8
3	1	34	11	35	36	10	46	47	32	33	55	56	49	37	57	31	20	14	53	54	44
3	2	34	58	11	50	45	36	59	46	60	61	47	32	33	62	49	37	63	64	65	66	67	22
4	0	0	23	24	1	25	18	1	26	27	28	29	30	31	20	14	6	7	8
4	1	9	10	11	0	10	26	32	33	31	20	14	6	7	68
4	2	39	10	11	0	10	32	33	69	70	71	31	12	4	14	15	7	22
5	0	45	23	36	1	46	47	48	11	49	50	51	52	20	14	53	54	8
5	1	34	11	35	36	10	46	47	32	33	55	56	49	37	57	31	20	14	53	54	72
5	2	34	11	35	36	10	46	47	32	33	55	56	49	37	57	31	20	14	53	54	44
5	3	39	11	50	45	36	59	46	60	61	62	63	73	43	64	74	53	54	44
5	4	39	11	50	45	36	59	46	61	47	32	33	62	49	63	64	65	66	67	72
5	5	34	11	35	36	10	46	47	32	33	55	56	49	37	57	31	20	14	53	54	44
5	6	34	58	11	50	45	36	59	46	60	61	47	32	33	62	49	37	63	64	65	66	67	72
5	7	34	11	35	36	10	46	47	32	33	55	56	49	37	57	31	20	14	53	54	44
5	8	34	11	36	46	60	56	37	57	20	14	53	54	72
5	9	39	10	11	75	76	0	17	18	32	33	57	77	13	5	6	21	22
6	0	45	23	36	1	59	46	47	33	32	11	62	49	2	78	50	79	30	37	3	20	74	53	54	8
6	1	34	11	35	36	46	27	37	3	80	13	14	15	54	16
6	2	9	0	17	18	19	3	20	14	15	21	22
7	0	0	23	24	1	25	18	1	26	27	28	29	30	31	20	14	6	7	8
7	1	9	10	11	0	10	26	32	33	31	20	14	6	7	44
7	2	34	10	11	36	62	27	2	37	31	20	74	53	54	22
8	0	45	23	1	81	26	47	32	76	49	28	50	30	82	64	14	15	54	8
8	1	34	10	32	33	57	77	13	14	15	7	16
8	2	34	83	48	11	10	49	37	57	77	20	14	53	7	22
9	0	45	23	46	11	49	50	84	51	64	74	15	54	8
9	1	39	10	11	40	0	17	10	49	19	85	86	87	88	89	20	14	6	21	44
9	2	9	10	26	32	33	55	70	71	86	87	13	14	15	7	44
9	3	39	11	50	45	36	59	46	61	47	32	33	62	49	63	64	65	66	67	44
9	4	9	90	59	60	62	31	91	20	74	53	54	44
9	5	39	23	10	11	10	81	26	28	19	92	93	4	5	94	21	44
9	6	9	23	10	10	81	26	28	29	24	30	19	92	93	13	14	6	21	22
10	0	45	23	46	11	49	50	84	51	64	74	15	54	8
10	1	39	10	11	40	0	17	10	49	19	85	86	87	88	89	20	14	6	21	44
10	2	9	10	11	0	17	32	33	77	91	13	14	15	7	44
10	3	9	58	11	50	90	45	59	46	60	61	47	62	49	37	95	64	65	66	67	44
10	4	39	10	10	55	92	93	13	14	15	7	44
10	5	39	10	96	97	98	11	0	17	10	55	29	24	30	86	87	88	89	4	5	6	21	44
10	6	39	10	10	69	28	99	99	92	13	14	15	7	44
10	7	34	58	11	50	45	36	59	46	60	61	47	32	33	62	49	37	63	64	65	66	67	22
11	0	45	23	46	11	49	50	84	51	64	74	15	54	8
11	1	39	10	11	40	0	17	10	49	19	85	86	87	88	89	20	14	6	21	44
11	2	9	10	11	0	17	32	33	77	91	13	14	15	7	44
11	3	9	58	11	50	90	45	59	46	60	61	47	62	49	37	95	64	65	66	67	44
11	4	9	10	11	0	17	32	33	77	91	13	14	15	7	44
11	5	39	23	10	11	10	81	26	28	19	92	93	4	5	94	21	44
11	6	9	10	26	32	33	55	70	71	86	87	13	14	15	7	44
11	7	39	10	11	40	0	17	10	49	19	85	86	87	88	89	20	14	6	21	44
11	8	39	11	50	45	36	59	46	61	47	32	33	62	49	63	64	65	66	67	44
11	9	34	58	11	50	45	36	59	46	60	61	47	32	33	62	49	37	63	64	65	66	67	44
11	10	9	90	59	60	62	31	91	20	74	53	54	44
11	11	39	10	10	55	92	93	13	14	15	7	44
11	12	39	10	10	69	28	99	99	92	13	14	15	7	44
11	13	9	23	10	10	81	26	28	29	24	30	19	92	93	13	14	6	21	22
12	0	0	23	24	1	25	18	1	26	27	28	29	30	31	20	14	6	7	8
12	1	9	10	11	0	10	26	32	33	31	20	14	6	7	16
12	2	34	11	35	36	10	32	33	37	31	20	14	15	7	22
13	0	0	1	1	2	3	4	5	6	7	8
13	1	9	10	11	0	10	3	12	13	14	15	7	44
13	2	34	11	35	36	46	27	37	3	80	13	14	15	54	22
14	0	45	23	36	1	18	1	26	62	37	3	31	4	5	15	7	8
14	1	9	100	59	60	32	33	3	31	20	14	15	54	72
14	2	9	10	11	0	10	29	24	3	12	13	5	94	21	22
15	0	0	23	24	1	25	18	1	26	27	28	29	30	31	20	14	6	7	8
15	1	9	10	11	0	10	26	32	33	31	20	14	6	7	68
15	2	39	10	11	0	10	32	33	69	70	71	31	12	4	14	15	7	22
16	0	0	23	24	1	25	18	1	26	27	28	29	30	31	20	14	6	7	8
16	1	9	10	11	0	10	26	32	33	31	20	14	6	7	72
16	2	9	11	27	31	13	5	6	21	22
17	0	0	23	24	1	25	18	1	26	27	28	29	30	31	20	14	6	7	8
17	1	9	10	11	0	10	26	32	33	31	20	14	6	7	16
17	2	34	11	35	36	10	32	33	37	31	20	14	15	7	22
18	0	23	1	58	101	33	32	11	31	80	13	14	15	7	8
18	1	9	11	10	18	32	33	31	80	13	14	15	7	44
18	2	9	31	80	13	5	6	7	44
18	3	34	11	35	36	10	32	33	56	102	70	71	37	31	80	13	14	15	54	72
18	4	9	11	10	18	32	33	31	80	13	14	15	7	44
18	5	9	10	26	85	31	80	103	20	14	6	7	22
19	0	45	23	36	1	18	1	26	62	37	3	31	4	5	15	7	8
19	1	9	100	59	60	32	33	3	31	20	14	15	54	72
19	2	9	10	11	0	10	29	24	3	12	13	5	94	21	22
20	0	0	23	17	24	1	69	29	30	104	20	14	6	7	8
20	1	9	23	10	10	81	26	28	29	24	30	19	92	93	13	14	6	21	44
20	2	39	10	11	40	0	17	10	49	19	85	86	87	88	89	20	14	6	21	44
20	3	39	10	17	100	26	105	20	14	6	7	44
20	4	39	10	11	40	0	17	10	49	19	85	86	87	88	89	20	14	6	21	44
20	5	34	23	10	0	17	18	26	49	29	24	51	13	5	15	21	44
20	6	39	10	11	106	50	0	10	18	26	2	29	24	30	19	3	13	14	6	21	44
20	7	34	26	41	29	24	19	3	86	87	107	108	20	14	6	21	44
20	8	39	23	40	18	109	38	20	14	6	7	44
20	9	39	10	96	97	98	11	0	17	10	55	29	24	30	86	87	88	89	4	5	6	21	44
20	10	39	0	17	26	19	3	20	14	6	21	44
20	11	9	10	11	0	17	69	19	3	107	108	13	14	6	21	22
21	0	0	23	17	1	1	26	49	28	97	86	105	110	111	13	5	6	21	8
21	1	39	10	96	97	98	11	0	17	10	55	29	24	30	86	87	88	89	4	5	6	21	44
21	2	9	0	17	105	13	14	15	7	44
21	3	9	0	17	105	13	14	15	7	22
22	0	0	23	24	1	25	18	1	26	27	28	29	30	31	20	14	6	7	8
22	1	9	10	11	0	10	26	32	33	31	20	14	6	7	72
22	2	9	11	27	31	13	5	6	21	22
23	0	45	23	36	1	46	47	48	11	49	50	51	52	20	14	53	54	8
23	1	34	11	35	36	10	46	47	32	33	55	56	49	37	57	31	20	14	53	54	16
23	2	39	11	10	32	33	55	102	57	20	74	53	7	22
24	0	45	23	36	1	46	47	48	11	49	50	51	52	20	14	53	54	8
24	1	34	11	35	36	10	46	47	32	33	55	56	49	37	57	31	20	14	53	54	44
24	2	39	11	50	45	36	59	46	60	61	62	63	73	43	64	74	53	54	22
25	0	23	24	1	25	1	59	33	32	11	49	27	50	112	113	29	97	114	20	14	15	7	8
25	1	9	10	10	100	59	60	32	33	63	57	20	14	15	7	44
25	2	9	11	90	45	36	81	59	46	60	32	33	56	62	49	28	102	63	57	43	64	65	66	67	44
25	3	9	90	36	59	46	60	61	32	33	56	62	49	63	57	64	74	53	54	44
25	4	9	10	10	100	59	60	32	33	63	57	20	14	15	7	22
26	0	0	23	17	1	1	26	49	28	97	86	105	110	111	13	5	6	21	8
26	1	39	10	96	97	98	11	0	17	10	55	29	24	30	86	87	88	89	4	5	6	21	44
26	2	9	10	75	76	0	17	10	115	105	13	5	15	7	22
27	0	0	23	24	1	1	59	33	32	28	71	70	3	116	4	5	53	7	8
27	1	39	11	10	18	3	116	12	13	14	6	7	44
27	2	9	10	59	62	3	116	13	14	15	7	44
27	3	9	10	11	106	10	81	32	33	109	3	116	4	5	6	7	44
27	4	9	10	11	0	10	3	12	13	14	15	7	44
27	5	9	10	11	10	32	33	3	12	13	14	6	7	44
27	6	9	50	90	10	59	60	3	116	13	14	15	7	22
28	0	45	23	1	81	26	47	32	76	49	28	50	30	82	64	14	15	54	8
28	1	34	10	32	33	57	77	13	14	15	7	16
28	2	34	83	48	11	10	49	37	57	77	20	14	53	7	16
28	3	9	11	90	10	100	59	32	33	99	57	20	74	53	7	22
29	0	45	36	1	1	47	48	32	11	49	50	30	37	117	80	20	74	53	54	8
29	1	34	11	35	36	46	27	37	3	80	13	14	15	54	72
29	2	9	11	0	10	18	32	33	3	80	13	14	6	7	68
29	3	34	11	35	36	46	27	37	3	80	13	14	15	54	44
29	4	9	10	11	10	32	33	3	12	13	14	6	7	118
29	5	39	11	10	18	3	116	12	13	14	6	7	22
30	0	0	23	24	1	25	18	1	26	27	28	29	30	31	20	14	6	7	8
30	1	9	10	11	0	10	26	32	33	31	20	14	6	7	119
30	2	39	11	10	32	33	31	105	13	14	6	7	22
31	0	45	23	36	1	18	1	26	62	37	3	31	4	5	15	7	8
31	1	9	100	59	60	32	33	3	31	20	14	15	54	72
31	2	9	10	11	0	10	29	24	3	12	13	5	94	21	44
31	3	39	10	11	0	10	32	33	69	70	71	31	12	4	14	15	7	22
32	0	0	23	24	1	25	18	1	26	27	28	29	30	31	20	14	6	7	8
32	1	9	10	11	0	10	26	32	33	31	20	14	6	7	72
32	2	9	11	27	31	13	5	6	21	22
33	0	0	23	24	1	25	18	1	26	27	28	29	30	31	20	14	6	7	8
33	1	9	10	11	0	10	26	32	33	31	20	14	6	7	72
33	2	9	11	27	31	13	5	6	21	22
34	0	0	23	24	1	25	18	1	26	27	28	29	30	31	20	14	6	7	8
34	1	9	10	11	0	10	26	32	33	31	20	14	6	7	72
34	2	9	11	27	31	13	5	6	21	22
35	0	0	23	24	1	25	18	1	26	27	28	29	30	31	20	14	6	7	8
35	1	9	10	11	0	10	26	32	33	31	20	14	6	7	72
35	2	9	10	11	0	10	26	32	33	31	20	14	6	7	68
35	3	39	10	11	0	10	32	33	69	70	71	31	12	4	14	15	7	22
36	0	0	23	24	1	25	18	1	26	27	28	29	30	31	20	14	6	7	8
36	1	9	10	11	0	10	26	32	33	31	20	14	6	7	72
36	2	9	11	27	31	13	5	6	21	22
37	0	0	23	24	1	25	18	1	26	27	28	29	30	31	20	14	6	7	8
37	1	9	10	11	0	10	26	32	33	31	20	14	6	7	44
37	2	34	11	35	36	10	46	47	32	33	55	56	49	37	57	31	20	14	53	54	72
37	3	9	10	11	0	10	26	32	33	31	20	14	6	7	68
37	4	39	10	11	0	10	32	33	69	70	71	31	12	4	14	15	7	22
38	0	45	23	1	81	26	47	32	76	49	28	50	30	82	64	14	15	54	8
38	1	34	10	32	33	57	77	13	14	15	7	16
38	2	34	83	48	11	10	49	37	57	77	20	14	53	7	22
39	0	120	4	5	6	7	8
39	1	34	56	63	4	5	6	7	44
39	2	39	10	121	122	4	5	6	7	22
40	0	1	100	1	28	92	123	93	4	5	6	7	8
40	1	39	10	10	55	92	93	13	14	15	7	68
40	2	39	10	10	69	28	99	99	92	13	14	15	7	22
41	0	23	24	1	25	1	59	33	32	11	49	27	50	112	113	29	97	114	20	14	15	7	8
41	1	9	10	10	100	59	60	32	33	63	57	20	14	15	7	44
41	2	34	10	32	33	57	77	13	14	15	7	16
41	3	34	83	48	11	10	49	37	57	77	20	14	53	7	16
41	4	9	11	90	10	100	59	32	33	99	57	20	74	53	7	44
41	5	34	10	35	36	46	32	33	62	57	20	74	66	54	22
42	0	23	24	1	25	1	59	33	32	11	49	27	50	112	113	29	97	114	20	14	15	7	8
42	1	9	10	10	100	59	60	32	33	63	57	20	14	15	7	44
42	2	39	11	10	32	33	55	57	77	13	14	15	7	22
43	0	23	1	1	26	41	112	113	29	30	82	13	14	15	7	8
43	1	34	10	32	33	57	77	13	14	15	7	16
43	2	34	83	48	11	10	49	37	57	77	20	14	53	7	44
43	3	9	90	10	100	59	26	32	33	55	56	57	20	74	15	7	44
43	4	39	11	10	46	32	33	57	20	14	15	7	22
44	0	45	23	36	1	59	46	47	33	32	11	62	49	2	78	50	79	30	37	3	20	74	53	54	8
44	1	34	11	35	36	46	27	37	3	80	13	14	15	54	44
44	2	9	11	36	32	33	27	37	3	20	74	15	7	22
45	0	0	23	24	1	25	18	1	26	27	28	29	30	31	20	14	6	7	8
45	1	9	10	11	0	10	26	32	33	31	20	14	6	7	44
45	2	39	11	10	32	33	31	105	13	14	6	7	22
46	0	0	23	24	1	25	18	1	26	27	28	29	30	31	20	14	6	7	8
46	1	9	10	11	0	10	26	32	33	31	20	14	6	7	44
46	2	34	10	11	36	62	27	2	37	31	20	74	53	54	72
46	3	9	11	27	31	13	5	6	21	124
46	4	34	11	35	36	47	32	33	70	71	37	31	13	14	15	7	22
47	0	0	23	24	1	25	18	1	26	27	28	29	30	31	20	14	6	7	8
47	1	9	10	11	0	10	26	32	33	31	20	14	6	7	44
47	2	9	11	32	33	27	31	13	14	53	7	22
48	0	0	23	24	1	25	18	1	26	27	28	29	30	31	20	14	6	7	8
48	1	9	10	11	0	10	26	32	33	31	20	14	6	7	44
48	2	34	11	10	55	31	13	14	6	7	22
49	0	0	23	24	1	25	18	1	26	27	28	29	30	31	20	14	6	7	8
49	1	9	10	11	0	10	26	32	33	31	20	14	6	7	72
49	2	9	11	27	31	13	5	6	21	22
50	0	0	17	24	1	1	26	76	28	78	112	113	97	51	4	14	15	7	8
50	1	83	10	11	75	76	0	125	17	26	32	33	55	69	3	107	108	4	14	15	21	44
50	2	34	10	96	97	98	75	76	0	125	17	126	55	70	71	3	51	4	5	6	7	22
51	0	0	17	24	1	1	26	76	28	78	112	113	97	51	4	14	15	7	8
51	1	83	10	11	75	76	0	125	17	26	32	33	55	69	3	107	108	4	14	15	21	44
51	2	34	10	0	17	32	33	110	13	14	15	7	44
51	3	34	83	10	96	97	98	48	11	75	76	125	17	10	126	26	32	33	49	85	127	4	5	15	7	44
51	4	9	0	17	105	13	14	15	7	44
51	5	34	83	10	96	97	98	11	0	125	17	10	26	32	33	69	49	51	128	4	5	15	7	22
52	0	0	17	24	1	1	26	76	28	78	112	113	97	51	4	14	15	7	8
52	1	83	10	11	75	76	0	125	17	26	32	33	55	69	3	107	108	4	14	15	21	44
52	2	34	83	10	96	97	98	11	0	125	17	10	26	32	33	69	49	51	128	4	5	15	7	44
52	3	9	0	17	105	13	14	15	7	44
52	4	34	83	10	96	97	98	48	11	75	76	125	17	10	126	26	32	33	49	85	127	4	5	15	7	44
52	5	34	10	0	17	32	33	110	13	14	15	7	44
52	6	34	10	96	97	98	75	76	0	125	17	126	55	70	71	3	51	4	5	6	7	44
52	7	9	11	90	10	100	59	32	33	99	57	20	74	53	7	44
52	8	39	11	10	26	99	57	13	14	15	7	44
52	9	9	11	90	10	100	59	32	33	99	57	20	74	53	7	44
52	10	9	23	40	10	26	57	13	14	94	21	44
52	11	34	10	11	10	32	33	2	57	13	14	15	7	44
52	12	39	10	26	99	57	13	14	15	7	44
52	13	9	11	10	18	70	71	57	4	5	6	7	44
52	14	39	40	10	57	13	14	6	21	44
52	15	9	10	11	29	24	30	99	57	13	14	15	7	44
52	16	39	11	10	100	99	57	20	14	15	7	44
52	17	9	11	0	10	18	57	4	14	15	7	44
52	18	9	11	0	10	18	57	4	14	15	7	44
52	19	9	11	10	18	70	71	57	4	5	6	7	22
53	0	0	23	24	1	25	18	1	26	27	28	29	30	31	20	14	6	7	8
53	1	9	10	11	0	10	26	32	33	31	20	14	6	7	119
53	2	39	11	10	32	33	31	105	13	14	6	7	44
53	3	9	11	32	33	27	31	13	14	53	7	22
54	0	0	23	24	1	25	18	1	26	27	28	29	30	31	20	14	6	7	8
54	1	9	10	11	0	10	26	32	33	31	20	14	6	7	72
54	2	9	10	11	0	10	26	32	33	31	20	14	6	7	68
54	3	39	10	11	0	10	32	33	69	70	71	31	12	4	14	15	7	22
55	0	0	23	24	1	25	18	1	26	27	28	29	30	31	20	14	6	7	8
55	1	9	10	11	0	10	26	32	33	31	20	14	6	7	68
55	2	39	10	11	0	10	32	33	69	70	71	31	12	4	14	15	7	22
56	0	0	23	24	1	25	18	1	26	27	28	29	30	31	20	14	6	7	8
56	1	9	10	11	0	10	26	32	33	31	20	14	6	7	16
56	2	34	11	35	36	10	32	33	37	31	20	14	15	7	22
57	0	23	1	1	26	41	112	113	29	30	82	13	14	15	7	8
57	1	34	10	32	33	57	77	13	14	15	7	72
57	2	39	10	11	75	76	0	17	18	32	33	57	77	13	5	6	21	22
58	0	1	1	59	40	105	110	13	14	6	7	8
58	1	39	75	76	10	26	105	13	14	6	7	72
58	2	9	75	76	10	129	99	105	13	14	6	21	22
59	0	56	82	130	4	5	6	7	8
59	1	9	10	11	0	17	18	32	33	57	77	4	5	6	7	72
59	2	39	10	11	75	76	0	17	18	32	33	57	77	13	5	6	21	22
60	0	23	24	1	33	32	11	2	82	130	13	14	6	7	8
60	1	39	11	10	32	33	55	57	77	13	14	15	7	72
60	2	39	10	11	75	76	0	17	18	32	33	57	77	13	5	6	21	22
61	0	45	23	1	81	26	47	32	76	49	28	50	30	82	64	14	15	54	8
61	1	34	10	32	33	57	77	13	14	15	7	72
61	2	39	10	11	75	76	0	17	18	32	33	57	77	13	5	6	21	22
62	0	0	23	24	1	25	18	1	26	27	28	29	30	31	20	14	6	7	8
62	1	9	10	11	0	10	26	32	33	31	20	14	6	7	44
62	2	9	11	10	18	32	33	31	80	13	14	15	7	44
62	3	9	11	10	18	32	33	31	80	13	14	15	7	44
62	4	9	11	10	18	32	33	31	80	13	14	15	7	44
62	5	9	11	10	18	32	33	31	80	13	14	15	7	22
63	0	0	23	24	1	25	18	1	26	27	28	29	30	31	20	14	6	7	8
63	1	9	10	11	0	10	26	32	33	31	20	14	6	7	44
63	2	9	11	32	33	27	31	13	14	53	7	22
64	0	36	46	47	32	11	62	131	120	64	74	66	67	8
64	1	39	11	50	45	36	59	46	61	47	32	33	62	49	63	64	65	66	67	44
64	2	34	58	11	50	45	36	59	46	60	61	47	32	33	62	49	37	63	64	65	66	67	44
64	3	39	11	50	45	36	59	46	60	61	62	63	73	43	64	74	53	54	44
64	4	9	58	11	50	90	45	59	46	60	32	33	62	95	64	65	53	54	44
64	5	9	90	36	59	46	60	61	32	33	56	62	49	63	57	64	74	53	54	22
65	0	0	23	24	1	25	18	1	26	27	28	29	30	31	20	14	6	7	8
65	1	9	10	11	0	10	26	32	33	31	20	14	6	7	44
65	2	9	11	32	33	27	31	13	14	53	7	44
65	3	9	11	32	33	27	31	13	14	53	7	44
65	4	39	11	10	32	33	31	105	13	14	6	7	44
65	5	9	11	32	33	27	31	13	14	53	7	44
65	6	34	11	10	55	31	13	14	6	7	44
65	7	9	11	32	33	27	31	13	14	53	7	44
65	8	9	11	32	33	27	31	13	14	53	7	44
65	9	9	10	26	85	31	80	103	20	14	6	7	44
65	10	9	11	32	33	27	31	13	14	53	7	44
65	11	9	11	32	33	27	31	13	14	53	7	44
65	12	9	11	32	33	27	31	13	14	53	7	44
65	13	9	11	32	33	27	31	13	14	53	7	22
66	0	0	23	24	1	25	18	1	26	27	28	29	30	31	20	14	6	7	8
66	1	9	10	11	0	10	26	32	33	31	20	14	6	7	72
66	2	9	11	27	31	13	5	6	21	22
67	0	0	23	24	1	25	18	1	26	27	28	29	30	31	20	14	6	7	8
67	1	9	10	11	0	10	26	32	33	31	20	14	6	7	44
67	2	34	10	11	36	62	27	2	37	31	20	74	53	54	22
68	0	0	23	24	1	25	18	1	26	27	28	29	30	31	20	14	6	7	8
68	1	9	10	11	0	10	26	32	33	31	20	14	6	7	44
68	2	34	11	35	36	10	32	33	37	31	20	14	15	7	22
69	0	0	23	24	1	25	18	1	26	27	28	29	30	31	20	14	6	7	8
69	1	9	10	11	0	10	26	32	33	31	20	14	6	7	44
69	2	34	10	11	36	62	27	2	37	31	20	74	53	54	72
69	3	9	11	27	31	13	5	6	21	16
69	4	9	11	32	33	27	31	13	14	53	7	68
69	5	39	10	11	0	10	32	33	69	70	71	31	12	4	14	15	7	22
70	0	0	23	24	1	25	18	1	26	27	28	29	30	31	20	14	6	7	8
70	1	9	10	11	0	10	26	32	33	31	20	14	6	7	72
70	2	9	10	11	0	10	26	32	33	31	20	14	6	7	119
70	3	39	11	10	32	33	31	105	13	14	6	7	22
71	0	45	36	1	1	47	48	32	11	49	50	30	37	117	80	20	74	53	54	8
71	1	34	11	35	36	46	27	37	3	80	13	14	15	54	44
71	2	34	11	35	36	46	37	80	20	74	15	54	44
71	3	34	83	96	97	98	48	11	35	36	10	126	46	32	33	49	80	20	74	15	54	44
71	4	34	11	35	36	46	37	80	20	74	15	54	44
71	5	34	11	36	10	32	33	56	37	80	13	14	15	54	44
71	6	9	11	36	10	46	47	32	33	49	37	80	20	74	15	54	68
71	7	9	11	36	10	46	47	32	33	49	37	80	20	74	15	54	72
71	8	9	11	36	10	46	47	32	33	49	37	80	20	74	15	54	68
71	9	9	11	36	10	46	47	32	33	49	37	80	20	74	15	54	72
71	10	9	11	0	10	18	32	33	3	80	13	14	6	7	44
71	11	9	11	10	32	33	80	13	14	15	7	72
71	12	9	11	36	10	46	47	32	33	49	37	80	20	74	15	54	68
71	13	34	11	35	36	46	27	37	3	80	13	14	15	54	44
71	14	9	11	36	10	46	47	32	33	49	37	80	20	74	15	54	44
71	15	34	11	36	10	32	33	56	37	80	13	14	15	54	44
71	16	34	11	35	36	46	37	80	20	74	15	54	22
72	0	23	1	18	1	85	82	130	20	14	6	7	8
72	1	39	10	75	76	0	17	18	32	33	57	77	13	14	6	7	44
72	2	39	10	0	17	26	57	77	13	5	6	7	16
72	3	39	10	75	76	0	17	18	32	33	57	77	13	14	6	7	16
72	4	34	10	32	33	57	77	13	14	15	7	44
72	5	9	10	11	0	17	32	33	77	91	13	14	15	7	22
73	0	13	5	6	21	8
73	1	34	38	13	5	6	21	44
73	2	9	10	0	17	26	85	77	13	5	6	21	22
74	0	0	23	24	1	25	18	1	26	27	28	29	30	31	20	14	6	7	8
74	1	9	10	11	0	10	26	32	33	31	20	14	6	7	16
74	2	34	11	35	36	10	32	33	37	31	20	14	15	7	22
75	0	45	23	46	11	49	50	84	51	64	74	15	54	8
75	1	39	10	11	40	0	17	10	49	19	85	86	87	88	89	20	14	6	21	44
75	2	9	10	11	0	17	32	33	77	91	13	14	15	7	44
75	3	9	58	11	50	90	45	59	46	60	61	47	62	49	37	95	64	65	66	67	44
75	4	34	58	11	50	45	36	59	46	60	61	47	32	33	62	49	37	63	64	65	66	67	44
75	5	39	11	50	45	36	59	46	61	47	32	33	62	49	63	64	65	66	67	44
75	6	39	10	10	55	92	93	13	14	15	7	44
75	7	9	10	11	0	17	32	33	77	91	13	14	15	7	44
75	8	9	90	59	60	62	31	91	20	74	53	54	22
76	0	114	4	5	6	7	8
76	1	9	10	11	0	17	18	32	33	57	77	4	5	6	7	44
76	2	34	75	76	59	60	3	57	4	5	6	7	44
76	3	34	11	17	10	126	57	77	4	5	6	7	44
76	4	39	11	0	17	10	18	57	77	4	5	6	7	44
76	5	9	11	100	18	57	4	5	6	7	22
77	0	45	23	36	1	46	47	48	11	49	50	51	52	20	14	53	54	8
77	1	34	11	35	36	10	46	47	32	33	55	56	49	37	57	31	20	14	53	54	44
77	2	39	11	50	45	36	81	59	46	61	32	33	62	49	28	99	127	64	65	53	67	44
77	3	34	58	11	35	10	59	46	60	61	47	32	33	62	49	70	71	37	127	20	74	53	54	44
77	4	34	83	11	35	36	10	46	47	32	33	49	37	57	20	14	15	7	44
77	5	39	11	50	45	36	59	46	61	47	32	33	62	49	63	64	65	66	67	44
77	6	39	11	50	45	36	59	46	60	61	62	63	73	43	64	74	53	54	44
77	7	34	58	11	50	45	36	59	46	60	61	47	32	33	62	49	37	63	64	65	66	67	44
77	8	9	11	50	90	45	10	59	46	60	61	32	33	62	102	63	20	74	53	54	44
77	9	34	11	36	46	60	56	37	57	20	14	53	54	22
78	0	0	23	24	1	25	18	1	26	27	28	29	30	31	20	14	6	7	8
78	1	9	10	11	0	10	26	32	33	31	20	14	6	7	44
78	2	34	11	10	55	31	13	14	6	7	22
79	0	0	23	24	1	25	18	1	26	27	28	29	30	31	20	14	6	7	8
79	1	9	10	11	0	10	26	32	33	31	20	14	6	7	72
79	2	9	10	11	0	10	26	32	33	31	20	14	6	7	72
79	3	9	11	27	31	13	5	6	21	16
79	4	9	11	32	33	27	31	13	14	53	7	72
79	5	9	11	27	31	13	5	6	21	72
79	6	9	11	27	31	13	5	6	21	72
79	7	9	11	27	31	13	5	6	21	124
79	8	9	11	27	31	13	5	6	21	124
79	9	9	11	27	31	13	5	6	21	124
79	10	9	11	27	31	13	5	6	21	124
79	11	34	11	35	36	47	32	33	70	71	37	31	13	14	15	7	44
79	12	39	10	11	0	10	32	33	69	70	71	31	12	4	14	15	7	44
79	13	34	11	35	36	10	32	33	56	102	70	71	37	31	80	13	14	15	54	44
79	14	34	11	35	36	10	46	47	32	33	55	56	49	37	57	31	20	14	53	54	72
79	15	39	10	11	75	76	0	17	18	32	33	57	77	13	5	6	21	22
80	0	36	46	47	32	11	62	131	120	64	74	66	67	8
80	1	39	11	50	45	36	59	46	61	47	32	33	62	49	63	64	65	66	67	16
80	2	39	11	50	45	36	59	46	61	47	32	33	62	49	63	64	65	66	67	119
80	3	9	10	59	60	32	33	63	127	13	14	53	7	22
81	0	0	17	24	1	1	26	76	28	78	112	113	97	51	4	14	15	7	8
81	1	83	10	11	75	76	0	125	17	26	32	33	55	69	3	107	108	4	14	15	21	44
81	2	34	83	10	96	97	98	48	11	75	76	125	17	10	126	26	32	33	49	85	127	4	5	15	7	22
82	0	0	1	1	2	3	4	5	6	7	8
82	1	9	10	11	0	10	3	12	13	14	15	7	72
82	2	9	10	11	0	10	29	24	3	12	13	5	94	21	124
82	3	9	23	10	11	0	17	10	26	55	85	12	13	5	94	21	68
82	4	39	10	11	0	10	32	33	69	70	71	31	12	4	14	15	7	22
83	0	17	24	1	26	29	99	38	13	14	6	7	8
83	1	39	10	40	26	41	42	38	43	13	5	6	21	44
83	2	34	109	38	13	14	15	7	16
83	3	9	23	10	26	99	43	73	13	14	6	21	22
84	0	45	1	1	59	46	33	32	11	50	41	115	82	20	74	15	54	8
84	1	39	11	10	32	33	55	57	77	13	14	15	7	16
84	2	34	83	48	11	10	49	37	57	77	20	14	53	7	16
84	3	9	11	90	10	100	59	32	33	99	57	20	74	53	7	16
84	4	9	90	36	59	46	60	61	32	33	56	62	49	63	57	64	74	53	54	16
84	5	9	11	90	45	36	81	59	46	60	32	33	56	62	49	28	102	63	57	43	64	65	66	67	16
84	6	9	11	90	45	36	81	59	46	60	32	33	56	62	49	28	102	63	57	43	64	65	66	67	72
84	7	39	11	50	45	36	59	46	60	61	62	63	73	43	64	74	53	54	16
84	8	9	11	90	45	36	81	59	46	60	32	33	56	62	49	28	102	63	57	43	64	65	66	67	22
85	0	0	23	24	1	25	18	1	26	27	28	29	30	31	20	14	6	7	8
85	1	9	10	11	0	10	26	32	33	31	20	14	6	7	44
85	2	9	10	26	85	31	80	103	20	14	6	7	44
85	3	9	11	10	18	32	33	31	80	13	14	15	7	44
85	4	39	11	10	32	33	31	105	13	14	6	7	44
85	5	34	11	10	55	31	13	14	6	7	44
85	6	9	10	31	13	14	6	7	44
85	7	34	10	11	36	62	27	2	37	31	20	74	53	54	44
85	8	34	11	35	36	10	46	47	32	33	55	56	49	37	57	31	20	14	53	54	44
85	9	34	11	35	36	10	32	33	37	31	20	14	15	7	44
85	10	9	11	32	33	27	31	13	14	53	7	22
86	0	1	18	1	48	33	32	25	55	112	113	116	4	5	6	7	8
86	1	23	11	112	113	18	26	55	132	116	13	14	15	21	72
86	2	23	11	112	113	18	26	55	132	116	13	14	15	21	44
86	3	9	10	11	106	10	81	32	33	109	3	116	4	5	6	7	44
86	4	34	10	11	32	33	55	27	37	116	133	13	14	53	54	22
87	0	24	1	100	26	82	130	31	20	74	15	7	8
87	1	34	11	35	36	10	46	47	32	33	55	56	49	37	57	31	20	14	53	54	72
87	2	39	10	11	75	76	0	17	18	32	33	57	77	13	5	6	21	22
88	0	0	1	1	2	3	4	5	6	7	8
88	1	9	10	11	0	10	3	12	13	14	15	7	44
88	2	9	11	0	10	18	32	33	3	80	13	14	6	7	44
88	3	9	10	11	0	10	3	12	13	14	15	7	44
88	4	34	11	35	36	46	27	37	3	80	13	14	15	54	44
88	5	9	10	11	10	32	33	3	12	13	14	6	7	68
88	6	9	10	11	0	17	69	19	3	107	108	13	14	6	21	124
88	7	39	10	96	97	98	11	0	17	10	126	85	3	4	5	6	21	44
88	8	9	96	97	98	11	126	3	4	5	15	21	44
88	9	39	10	96	97	98	10	126	55	109	3	127	13	14	15	7	22
89	0	1	1	26	69	40	85	42	20	5	94	21	8
89	1	39	10	75	76	42	134	20	5	94	21	44
89	2	34	10	11	18	32	33	37	109	42	134	4	5	6	7	22
90	0	0	23	24	1	25	18	1	26	27	28	29	30	31	20	14	6	7	8
90	1	9	10	11	0	10	26	32	33	31	20	14	6	7	44
90	2	34	11	35	36	10	32	33	37	31	20	14	15	7	22
91	0	0	23	24	1	25	18	1	26	27	28	29	30	31	20	14	6	7	8
91	1	9	10	11	0	10	26	32	33	31	20	14	6	7	44
91	2	34	11	35	36	10	46	47	32	33	55	56	49	37	57	31	20	14	53	54	44
91	3	9	10	26	85	31	80	103	20	14	6	7	44
91	4	34	11	10	55	31	13	14	6	7	44
91	5	34	11	35	36	10	32	33	37	31	20	14	15	7	22
92	0	0	23	24	1	25	18	1	26	27	28	29	30	31	20	14	6	7	8
92	1	9	10	11	0	10	26	32	33	31	20	14	6	7	44
92	2	9	10	26	85	31	80	103	20	14	6	7	72
92	3	34	18	19	3	135	103	4	5	6	21	16
92	4	34	10	11	18	30	19	135	107	108	103	20	5	94	21	16
92	5	34	26	41	29	24	19	3	86	87	107	108	20	14	6	21	22
93	0	13	5	6	21	8
93	1	34	38	13	5	6	21	44
93	2	39	40	136	13	5	6	21	22
94	0	9	23	36	1	11	49	37	80	20	74	15	54	8
94	1	34	11	35	36	46	27	37	3	80	13	14	15	54	44
94	2	9	11	36	10	46	47	32	33	49	37	80	20	74	15	54	22
95	0	45	23	1	81	26	47	32	76	49	28	50	30	82	64	14	15	54	8
95	1	34	10	32	33	57	77	13	14	15	7	16
95	2	34	83	48	11	10	49	37	57	77	20	14	53	7	22
96	0	0	23	17	24	1	69	29	30	104	20	14	6	7	8
96	1	9	23	10	10	81	26	28	29	24	30	19	92	93	13	14	6	21	44
96	2	39	10	11	40	0	17	10	49	19	85	86	87	88	89	20	14	6	21	22
97	0	0	23	24	1	25	18	1	26	27	28	29	30	31	20	14	6	7	8
97	1	9	10	11	0	10	26	32	33	31	20	14	6	7	44
97	2	34	10	11	36	62	27	2	37	31	20	74	53	54	44
97	3	34	10	11	36	62	27	2	37	31	20	74	53	54	44
97	4	9	11	32	33	27	31	13	14	53	7	44
97	5	9	10	31	13	14	6	7	44
97	6	9	10	31	13	14	6	7	44
97	7	39	11	10	32	33	31	105	13	14	6	7	44
97	8	39	11	10	32	33	31	105	13	14	6	7	44
97	9	9	11	10	18	32	33	31	80	13	14	15	7	22
98	0	45	23	36	1	59	46	47	33	32	11	62	49	2	78	50	79	30	37	3	20	74	53	54	8
98	1	34	11	35	36	46	27	37	3	80	13	14	15	54	124
98	2	9	10	11	0	10	29	24	3	12	13	5	94	21	44
98	3	83	10	11	75	76	0	125	17	26	32	33	55	69	3	107	108	4	14	15	21	22
99	0	0	23	24	1	25	18	1	26	27	28	29	30	31	20	14	6	7	8
99	1	9	10	11	0	10	26	32	33	31	20	14	6	7	44
99	2	34	11	35	36	10	32	33	37	31	20	14	15	7	44
99	3	9	10	26	85	31	80	103	20	14	6	7	22
100	0	23	24	1	25	1	59	33	32	11	49	27	50	112	113	29	97	114	20	14	15	7	8
100	1	9	10	10	100	59	60	32	33	63	57	20	14	15	7	44
100	2	39	11	10	32	33	55	57	77	13	14	15	7	44
100	3	34	10	32	33	57	77	13	14	15	7	44
100	4	9	11	90	45	36	81	59	46	60	32	33	56	62	49	28	102	63	57	43	64	65	66	67	44
100	5	9	90	36	59	46	60	61	32	33	56	62	49	63	57	64	74	53	54	22
101	0	17	24	1	26	29	99	38	13	14	6	7	8
101	1	39	10	40	26	41	42	38	43	13	5	6	21	16
101	2	9	23	10	26	99	43	73	13	14	6	21	68
101	3	39	11	50	45	36	59	46	60	61	62	63	73	43	64	74	53	54	124
101	4	9	23	10	26	99	43	73	13	14	6	21	22
102	0	0	23	24	1	25	18	1	26	27	28	29	30	31	20	14	6	7	8
102	1	9	10	11	0	10	26	32	33	31	20	14	6	7	44
102	2	34	11	10	55	31	13	14	6	7	44
102	3	34	11	35	36	10	32	33	37	31	20	14	15	7	44
102	4	34	11	35	36	10	46	47	32	33	55	56	49	37	57	31	20	14	53	54	22
103	0	0	23	24	1	25	18	1	26	27	28	29	30	31	20	14	6	7	8
103	1	9	10	11	0	10	26	32	33	31	20	14	6	7	44
103	2	34	10	11	36	62	27	2	37	31	20	74	53	54	72
103	3	9	10	11	0	10	26	32	33	31	20	14	6	7	44
103	4	34	10	11	36	62	27	2	37	31	20	74	53	54	44
103	5	39	11	10	32	33	31	105	13	14	6	7	44
103	6	34	11	35	36	10	46	47	32	33	55	56	49	37	57	31	20	14	53	54	44
103	7	34	11	35	36	10	46	47	32	33	55	56	49	37	57	31	20	14	53	54	44
103	8	9	11	10	18	32	33	31	80	13	14	15	7	22
104	0	23	24	1	25	1	59	33	32	11	49	27	50	112	113	29	97	114	20	14	15	7	8
104	1	9	10	10	100	59	60	32	33	63	57	20	14	15	7	44
104	2	34	10	32	33	57	77	13	14	15	7	16
104	3	34	83	48	11	10	49	37	57	77	20	14	53	7	68
104	4	39	75	76	126	59	60	32	33	99	51	137	57	4	5	6	7	44
104	5	39	11	10	100	99	57	20	14	15	7	44
104	6	34	11	35	36	10	59	47	49	37	99	57	20	74	53	54	44
104	7	9	11	99	57	4	5	6	7	44
104	8	39	10	26	99	57	13	14	15	7	44
104	9	34	11	10	60	32	33	55	56	99	57	138	13	5	15	7	22
105	0	0	23	24	1	25	18	1	26	27	28	29	30	31	20	14	6	7	8
105	1	9	10	11	0	10	26	32	33	31	20	14	6	7	44
105	2	34	10	11	36	62	27	2	37	31	20	74	53	54	44
105	3	34	11	35	36	10	32	33	37	31	20	14	15	7	22
106	0	45	36	59	47	33	32	11	62	2	78	25	55	50	41	30	37	131	20	74	53	54	8
106	1	9	11	90	36	100	59	60	32	33	62	27	37	116	95	20	74	53	54	16
106	2	9	90	100	59	62	102	95	64	74	53	7	44
106	3	9	58	11	50	90	45	59	46	60	61	47	62	49	37	95	64	65	66	67	22
107	0	45	23	1	59	26	33	32	69	49	50	97	139	20	74	53	7	8
107	1	9	10	90	10	32	33	56	139	140	20	74	53	7	44
107	2	9	10	56	139	140	4	5	6	7	124
107	3	9	11	90	70	71	139	140	4	5	6	7	44
107	4	39	48	75	76	10	49	70	71	140	13	14	53	7	44
107	5	39	10	11	10	32	33	55	49	139	140	20	14	53	7	44
107	6	39	11	10	59	85	139	13	14	15	7	44
107	7	9	10	56	139	140	4	5	6	7	22
108	0	1	1	46	11	49	25	55	50	85	82	13	5	15	7	8
108	1	39	11	10	32	33	55	57	77	13	14	15	7	44
108	2	34	10	32	33	57	77	13	14	15	7	124
108	3	39	10	11	75	76	0	17	18	32	33	57	77	13	5	6	21	22
109	0	34	45	23	36	1	59	46	47	33	32	11	49	27	28	50	37	19	99	84	64	65	53	54	8
109	1	39	10	11	40	0	17	10	49	19	85	86	87	88	89	20	14	6	21	44
109	2	9	90	59	60	62	31	91	20	74	53	54	124
109	3	9	11	27	31	13	5	6	21	22
110	0	0	17	1	1	26	46	33	49	2	25	55	97	3	51	13	14	15	7	8
110	1	9	11	0	10	18	32	33	3	80	13	14	6	7	44
110	2	39	10	96	97	98	10	126	55	109	3	127	13	14	15	7	44
110	3	83	10	11	75	76	0	125	17	26	32	33	55	69	3	107	108	4	14	15	21	124
110	4	39	10	96	97	98	48	11	10	126	55	127	4	5	6	21	16
110	5	39	40	10	26	69	19	51	127	20	5	6	21	44
110	6	9	23	10	10	26	99	127	13	14	6	21	44
110	7	34	11	35	10	126	32	33	127	13	14	15	7	22
111	0	0	23	24	1	25	18	1	26	27	28	29	30	31	20	14	6	7	8
111	1	9	10	11	0	10	26	32	33	31	20	14	6	7	44
111	2	34	10	11	36	62	27	2	37	31	20	74	53	54	22
112	0	0	23	24	1	25	18	1	26	27	28	29	30	31	20	14	6	7	8
112	1	9	10	11	0	10	26	32	33	31	20	14	6	7	44
112	2	34	11	35	36	10	32	33	37	31	20	14	15	7	22
113	0	0	23	24	1	25	18	1	26	27	28	29	30	31	20	14	6	7	8
113	1	9	10	11	0	10	26	32	33	31	20	14	6	7	16
113	2	34	11	35	36	10	32	33	37	31	20	14	15	7	16
113	3	34	11	35	36	10	46	47	32	33	55	56	49	37	57	31	20	14	53	54	16
113	4	39	11	10	32	33	55	102	57	20	74	53	7	22
114	0	0	23	24	1	25	18	1	26	27	28	29	30	31	20	14	6	7	8
114	1	9	10	11	0	10	26	32	33	31	20	14	6	7	44
114	2	9	11	10	18	32	33	31	80	13	14	15	7	22
115	0	9	23	36	1	11	49	37	80	20	74	15	54	8
115	1	34	11	35	36	46	27	37	3	80	13	14	15	54	44
115	2	9	11	36	10	46	47	32	33	49	37	80	20	74	15	54	22
116	0	45	23	36	1	46	47	48	11	49	50	51	52	20	14	53	54	8
116	1	34	11	35	36	10	46	47	32	33	55	56	49	37	57	31	20	14	53	54	44
116	2	9	11	36	10	46	47	32	33	49	37	80	20	74	15	54	22
117	0	0	23	1	33	117	80	13	14	94	7	8
117	1	9	11	0	10	18	32	33	3	80	13	14	6	7	44
117	2	34	10	32	33	37	80	13	14	15	7	22
118	0	45	23	36	59	46	47	11	62	27	41	116	20	74	53	54	8
118	1	9	11	90	36	100	59	60	32	33	62	27	37	116	95	20	74	53	54	44
118	2	9	11	90	10	59	46	60	32	33	116	20	74	53	54	68
118	3	9	50	90	10	59	60	3	116	13	14	15	7	72
118	4	9	10	11	0	10	29	24	3	12	13	5	94	21	22
119	0	0	23	24	1	25	18	1	26	27	28	29	30	31	20	14	6	7	8
119	1	9	10	11	0	10	26	32	33	31	20	14	6	7	16
119	2	34	11	35	36	10	32	33	37	31	20	14	15	7	44
119	3	9	90	59	60	62	31	91	20	74	53	54	22
120	0	0	23	24	1	25	18	1	26	27	28	29	30	31	20	14	6	7	8
120	1	9	10	11	0	10	26	32	33	31	20	14	6	7	16
120	2	34	11	35	36	10	32	33	37	31	20	14	15	7	22
