0	0	0	1	2	3	4
0	1	5	6	7	8	9	10	11	12	13
0	2	14	6	15	16	17	18	8	19	20	21	11	22	13
0	3	14	6	15	16	17	18	8	19	20	21	11	22	13
0	4	14	23	6	15	24	25	6	26	27	28	18	29	9	10	11	12	13
0	5	14	23	6	15	24	25	6	26	27	28	18	29	9	10	11	12	30
1	0	0	1	2	3	4
1	1	14	31	6	32	26	7	27	28	33	34	0	1	2	3	13
1	2	14	15	35	33	36	34	37	38	1	2	3	13
1	3	14	15	35	33	36	34	37	38	1	2	3	13
1	4	14	6	39	27	28	40	41	42	43	0	1	2	12	13
1	5	14	6	39	27	28	40	41	42	43	0	1	2	12	13
1	6	14	26	27	28	43	0	1	2	3	13
1	7	14	26	27	28	43	0	1	2	3	13
1	8	5	44	26	41	45	0	1	2	3	13
1	9	5	44	26	41	45	0	1	2	3	13
1	10	14	15	46	44	6	32	26	7	27	28	33	47	48	38	1	2	3	13
1	11	14	15	46	44	6	32	26	7	27	28	33	47	48	38	1	2	3	13
1	12	14	49	15	46	6	32	26	7	35	50	27	28	33	41	51	52	47	37	38	1	2	3	13
1	13	14	49	15	46	6	32	26	7	35	50	27	28	33	41	51	52	47	37	38	1	2	3	13
1	14	5	15	31	53	44	32	26	27	28	47	34	0	1	2	3	13
1	15	5	15	31	53	44	32	26	27	28	47	34	0	1	2	3	13
1	16	5	49	15	54	31	53	32	26	7	27	28	33	55	0	56	2	3	13
1	17	5	49	15	54	31	53	32	26	7	27	28	33	55	0	56	2	3	13
1	18	5	31	57	32	33	58	55	0	1	2	12	13
1	19	5	31	57	32	33	58	55	0	1	2	12	13
1	20	59	15	54	53	44	32	26	7	35	33	34	60	61	0	1	2	3	13
1	21	59	15	54	53	44	32	26	7	35	33	34	60	61	0	1	2	3	13
1	22	5	15	54	31	53	6	32	26	7	35	27	28	33	58	34	38	1	2	3	13
1	23	5	15	54	31	53	6	32	26	7	35	27	28	33	58	34	38	1	2	3	13
1	24	5	31	44	32	26	7	35	27	28	62	33	41	34	8	0	1	2	3	13
1	25	5	31	44	32	26	7	35	27	28	62	33	41	34	8	0	1	2	3	30
2	0	53	44	63	7	35	50	27	28	54	55	0	1	2	64	4
2	1	5	49	15	54	31	53	32	26	7	35	50	33	41	47	55	0	56	65	64	13
2	2	59	15	54	44	6	32	27	28	33	58	47	55	9	10	2	3	13
2	3	59	15	54	44	6	32	27	28	33	58	47	55	9	10	2	3	13
2	4	59	15	54	44	6	32	27	28	33	58	47	55	9	10	2	3	13
2	5	59	15	54	44	6	32	27	28	33	58	47	55	9	10	2	3	13
2	6	59	15	54	44	6	32	27	28	33	58	47	55	9	10	2	3	13
2	7	59	15	54	44	6	32	27	28	33	58	47	55	9	10	2	3	30
3	0	66	44	67	35	68	41	69	70	71	72	73	38	10	74	3	4
3	1	14	39	75	76	77	78	79	80	81	82	83	38	10	11	22	13
3	2	5	66	6	6	84	39	85	76	77	86	78	87	88	9	10	11	22	13
3	3	5	66	6	6	84	39	85	76	77	86	78	87	88	9	10	11	22	13
3	4	5	6	15	16	6	79	89	9	10	74	12	13
3	5	5	6	15	16	6	79	89	9	10	74	12	13
3	6	5	6	15	63	39	79	90	9	10	11	22	13
3	7	5	6	15	63	39	79	90	9	10	11	22	30
4	0	0	1	2	3	4
4	1	14	31	6	32	26	7	27	28	33	34	0	1	2	3	13
4	2	14	49	15	46	6	32	26	7	35	50	27	28	33	41	51	52	47	37	38	1	2	3	13
4	3	14	49	15	46	6	32	26	7	35	50	27	28	33	41	51	52	47	37	38	1	2	3	13
4	4	14	15	46	44	6	32	26	7	27	28	33	47	48	38	1	2	3	13
4	5	14	15	46	44	6	32	26	7	27	28	33	47	48	38	1	2	3	13
4	6	5	15	54	31	53	6	32	26	7	35	27	28	33	58	34	38	1	2	3	13
4	7	5	15	54	31	53	6	32	26	7	35	27	28	33	58	34	38	1	2	3	13
4	8	5	31	57	32	33	58	55	0	1	2	12	13
4	9	5	31	57	32	33	58	55	0	1	2	12	13
4	10	14	15	35	33	36	34	37	38	1	2	3	13
4	11	14	15	35	33	36	34	37	38	1	2	3	30
5	0	44	63	7	35	27	28	54	76	77	91	38	1	2	64	4
5	1	59	92	63	42	91	20	21	11	12	13
5	2	59	15	54	53	44	84	32	26	35	27	28	33	41	85	71	37	0	56	2	64	13
5	3	59	15	54	53	44	84	32	26	35	27	28	33	41	85	71	37	0	56	2	64	13
5	4	14	49	15	54	53	44	32	26	7	35	50	27	28	33	41	47	34	0	56	65	64	13
5	5	14	49	15	54	53	44	32	26	7	35	50	27	28	33	41	47	34	0	56	65	64	13
5	6	59	15	54	53	44	84	32	26	35	27	28	33	41	85	71	37	0	56	2	64	13
5	7	59	15	54	53	44	84	32	26	35	27	28	33	41	85	71	37	0	56	2	64	13
5	8	14	15	46	44	32	26	7	50	27	28	47	8	38	1	2	3	13
5	9	14	15	46	44	32	26	7	50	27	28	47	8	38	1	2	3	13
5	10	5	15	31	44	57	32	7	27	28	33	36	47	93	55	38	1	2	3	13
5	11	5	15	31	44	57	32	7	27	28	33	36	47	93	55	38	1	2	3	13
5	12	5	49	15	54	31	53	6	32	26	7	35	27	28	33	41	85	34	0	56	2	64	13
5	13	5	49	15	54	31	53	6	32	26	7	35	27	28	33	41	85	34	0	56	2	64	13
5	14	14	53	44	26	7	27	28	47	37	38	1	2	3	13
5	15	14	53	44	26	7	27	28	47	37	38	1	2	3	13
5	16	14	49	15	46	6	32	26	7	35	50	27	28	33	41	51	52	47	37	38	1	2	3	13
5	17	14	49	15	46	6	32	26	7	35	50	27	28	33	41	51	52	47	37	38	1	2	3	30
6	0	66	94	35	76	77	95	48	38	10	74	3	4
6	1	5	57	32	7	27	28	79	48	38	10	74	3	13
6	2	14	6	15	27	28	42	48	9	10	74	12	13
6	3	14	6	15	27	28	42	48	9	10	74	12	13
6	4	5	6	39	18	48	96	97	38	10	11	12	13
6	5	5	6	39	18	48	96	97	38	10	11	12	13
6	6	14	6	24	25	6	48	9	10	74	12	13
6	7	14	6	24	25	6	48	9	10	74	12	13
6	8	5	6	15	16	6	39	27	28	48	38	10	11	12	13
6	9	5	6	15	16	6	39	27	28	48	38	10	11	12	13
6	10	14	6	15	27	28	42	48	9	10	74	12	13
6	11	14	6	15	27	28	42	48	9	10	74	12	30
7	0	53	44	63	7	35	50	27	28	54	55	0	1	2	64	4
7	1	5	49	15	54	31	53	32	26	7	35	50	33	41	47	55	0	56	65	64	13
7	2	5	31	32	26	7	35	40	33	58	55	38	1	2	3	13
7	3	5	31	32	26	7	35	40	33	58	55	38	1	2	3	13
7	4	5	31	44	32	7	33	93	55	38	1	2	3	13
7	5	5	31	44	32	7	33	93	55	38	1	2	3	13
7	6	5	31	32	26	7	35	40	33	58	55	38	1	2	3	13
7	7	5	31	32	26	7	35	40	33	58	55	38	1	2	3	13
7	8	5	54	31	6	32	26	35	55	38	1	74	12	13
7	9	5	54	31	6	32	26	35	55	38	1	74	12	13
7	10	5	31	32	26	7	35	40	33	58	55	38	1	2	3	13
7	11	5	31	32	26	7	35	40	33	58	55	38	1	2	3	13
7	12	5	31	57	32	33	58	55	0	1	2	12	13
7	13	5	31	57	32	33	58	55	0	1	2	12	13
7	14	5	31	32	26	7	35	40	33	58	55	38	1	2	3	13
7	15	5	31	32	26	7	35	40	33	58	55	38	1	2	3	13
7	16	5	15	31	7	35	33	71	55	38	1	74	12	13
7	17	5	15	31	7	35	33	71	55	38	1	74	12	13
7	18	5	31	32	26	7	35	40	33	58	55	38	1	2	3	13
7	19	5	31	32	26	7	35	40	33	58	55	38	1	2	3	13
7	20	5	49	15	54	31	53	32	26	7	27	28	33	55	0	56	2	3	13
7	21	5	49	15	54	31	53	32	26	7	27	28	33	55	0	56	2	3	13
7	22	5	31	32	26	7	35	40	33	58	55	38	1	2	3	13
7	23	5	31	32	26	7	35	40	33	58	55	38	1	2	3	13
7	24	5	31	57	32	7	33	55	38	1	2	12	13
7	25	5	31	57	32	7	33	55	38	1	2	12	13
7	26	5	31	32	26	7	35	40	33	58	55	38	1	2	3	13
7	27	5	31	32	26	7	35	40	33	58	55	38	1	2	3	13
7	28	5	15	31	44	57	32	7	27	28	33	36	47	93	55	38	1	2	3	13
7	29	5	15	31	44	57	32	7	27	28	33	36	47	93	55	38	1	2	3	13
7	30	5	31	32	26	7	35	40	33	58	55	38	1	2	3	13
7	31	5	31	32	26	7	35	40	33	58	55	38	1	2	3	13
7	32	5	49	15	54	31	53	32	26	7	35	50	33	41	47	55	0	56	65	64	13
7	33	5	49	15	54	31	53	32	26	7	35	50	33	41	47	55	0	56	65	64	13
7	34	5	31	32	26	7	35	40	33	58	55	38	1	2	3	13
7	35	5	31	32	26	7	35	40	33	58	55	38	1	2	3	30
8	0	67	27	28	24	25	71	98	43	99	9	21	74	12	4
8	1	5	6	24	25	16	17	6	42	43	9	21	74	12	13
8	2	5	24	25	6	98	71	43	9	10	11	22	13
8	3	5	24	25	6	98	71	43	9	10	11	22	13
8	4	14	6	15	67	26	27	28	62	100	101	20	21	11	12	13
8	5	14	6	15	67	26	27	28	62	100	101	20	21	11	12	30
9	0	67	27	28	24	25	71	98	43	99	9	21	74	12	4
9	1	5	6	24	25	16	17	6	42	43	9	21	74	12	13
9	2	59	24	25	48	43	9	21	11	12	13
9	3	59	24	25	48	43	9	21	11	12	30
10	0	102	79	20	21	11	12	4
10	1	14	39	75	76	77	78	79	80	81	82	83	38	10	11	22	13
10	2	5	6	15	103	6	84	27	28	104	79	93	20	21	11	12	13
10	3	5	6	15	103	6	84	27	28	104	79	93	20	21	11	12	30
11	0	102	79	20	21	11	12	4
11	1	14	39	75	76	77	78	79	80	81	82	83	38	10	11	22	13
11	2	5	6	15	103	6	84	27	28	104	79	93	20	21	11	12	30
12	0	66	44	67	35	68	41	69	70	71	72	73	38	10	74	3	4
12	1	14	39	75	76	77	78	79	80	81	82	83	38	10	11	22	13
12	2	59	15	6	63	79	93	89	9	10	11	12	13
12	3	5	6	15	63	39	79	90	9	10	11	22	13
12	4	5	6	15	16	6	79	89	9	10	74	12	13
12	5	5	6	15	63	39	79	90	9	10	11	22	13
12	6	59	15	6	63	79	93	89	9	10	11	12	13
12	7	59	15	6	63	79	93	89	9	10	11	12	30
13	0	35	48	38	1	2	64	4
13	1	14	15	46	44	6	32	26	7	27	28	33	47	48	38	1	2	3	105
13	2	5	15	36	48	9	21	11	22	30
14	0	53	44	63	50	96	38	10	74	64	4
14	1	14	15	46	44	26	36	47	79	96	9	10	74	3	13
14	2	5	15	44	6	26	50	27	28	41	47	96	38	1	74	3	13
14	3	14	23	106	107	108	68	15	46	44	6	67	26	27	28	41	96	38	1	74	3	30
15	0	94	35	49	27	28	24	25	69	75	76	77	8	38	10	2	3	4
15	1	59	6	24	25	16	17	63	27	28	8	19	9	10	11	12	13
15	2	14	23	68	15	6	41	47	8	19	38	10	2	12	30
16	0	53	44	63	50	96	38	10	74	64	4
16	1	14	15	46	44	26	36	47	79	96	9	10	74	3	13
16	2	5	15	16	6	63	27	28	79	96	9	10	11	12	13
16	3	5	15	44	27	28	47	96	38	10	74	3	13
16	4	5	15	44	27	28	47	96	38	10	74	3	13
16	5	5	15	16	6	63	27	28	79	96	9	10	11	12	30
17	0	49	79	109	110	20	21	11	12	4
17	1	5	6	24	25	17	6	75	78	79	90	20	21	11	22	13
17	2	5	6	15	16	6	76	77	79	89	9	21	111	22	30
18	0	67	106	112	113	79	110	20	21	11	12	4
18	1	5	6	15	16	6	79	89	9	10	74	12	13
18	2	14	24	25	32	7	79	8	20	21	11	12	13
18	3	5	15	44	6	32	7	27	28	47	79	20	21	11	12	13
18	4	5	6	15	63	39	79	90	9	10	11	22	13
18	5	5	6	15	63	39	79	90	9	10	11	22	13
18	6	5	15	44	6	32	7	27	28	47	79	20	21	11	12	13
18	7	14	24	25	32	7	79	8	20	21	11	12	30
19	0	17	94	68	76	77	8	9	10	11	12	4
19	1	59	68	15	6	40	41	114	8	9	10	74	12	13
19	2	14	23	68	15	6	41	47	8	19	38	10	2	12	13
19	3	14	23	68	15	6	41	47	8	19	38	10	2	12	13
19	4	14	6	8	19	9	10	74	12	13
19	5	5	6	16	17	8	19	9	21	11	22	13
19	6	59	68	15	6	40	41	114	8	9	10	74	12	13
19	7	5	6	16	17	8	19	9	21	11	22	13
19	8	59	68	15	6	40	41	114	8	9	10	74	12	13
19	9	59	68	15	6	40	41	114	8	9	10	74	12	30
20	0	17	94	68	76	77	8	9	10	11	12	4
20	1	59	68	15	6	40	41	114	8	9	10	74	12	13
20	2	59	68	15	6	40	41	114	8	9	10	74	12	13
20	3	5	6	16	17	8	19	9	21	11	22	13
20	4	14	6	8	19	9	10	74	12	13
20	5	14	23	68	15	6	41	47	8	19	38	10	2	12	30
21	0	53	44	63	32	35	49	50	27	28	112	24	25	51	52	93	9	1	65	64	4
21	1	14	15	6	32	27	28	33	112	58	51	52	93	55	9	10	2	3	105
21	2	5	15	6	93	34	9	10	74	12	105
21	3	66	15	115	116	63	39	40	117	93	9	10	74	22	105
21	4	66	15	115	116	63	39	40	117	93	9	10	74	22	118
21	5	14	6	15	75	76	77	78	117	109	38	10	74	22	30
22	0	35	76	77	114	9	10	74	3	4
22	1	59	68	15	6	40	41	114	8	9	10	74	12	13
22	2	59	6	32	40	114	9	10	74	12	30
23	0	27	28	119	120	38	21	11	12	4
23	1	59	6	24	25	119	120	38	21	111	22	13
23	2	59	6	92	39	75	119	45	61	9	21	11	22	13
23	3	14	27	28	47	104	119	9	10	11	12	13
23	4	14	6	15	63	27	28	47	104	119	120	20	21	11	12	30
24	0	66	44	63	50	27	28	76	77	119	38	1	74	3	4
24	1	14	6	15	63	27	28	47	104	119	120	20	21	11	12	13
24	2	14	15	27	28	104	119	9	10	74	12	13
24	3	59	6	24	25	119	120	38	21	111	22	30
25	0	60	38	10	11	12	4
25	1	5	66	6	39	71	61	60	9	10	11	22	13
25	2	59	15	54	53	44	32	26	7	35	33	34	60	61	0	1	2	3	13
25	3	5	60	38	10	11	12	30
26	0	66	94	35	76	77	95	48	38	10	74	3	4
26	1	5	57	32	7	27	28	79	48	38	10	74	3	13
26	2	14	6	15	44	6	26	27	28	62	47	8	48	9	10	74	3	13
26	3	14	6	24	25	6	48	9	10	74	12	30
27	0	27	28	119	120	38	21	11	12	4
27	1	59	6	24	25	119	120	38	21	111	22	13
27	2	5	6	15	27	28	104	119	9	10	74	12	13
27	3	14	15	27	28	104	119	9	10	74	12	13
27	4	5	6	27	28	104	119	9	10	11	12	30
28	0	119	9	21	111	12	4
28	1	59	6	15	92	39	119	120	9	21	111	12	13
28	2	59	92	119	9	21	111	12	13
28	3	5	6	15	27	28	104	119	9	10	74	12	30
29	0	14	53	44	94	50	68	41	69	70	71	72	38	1	2	64	4
29	1	59	6	15	92	16	17	6	41	78	18	80	81	121	122	38	10	11	22	13
29	2	59	15	54	53	44	84	32	26	35	27	28	33	41	85	71	37	0	56	2	64	30
30	0	35	48	38	1	2	64	4
30	1	14	15	46	44	6	32	26	7	27	28	33	47	48	38	1	2	3	105
30	2	5	15	36	48	9	21	11	22	30
31	0	38	10	74	3	4
31	1	5	15	44	6	26	50	27	28	41	47	96	38	1	74	3	123
31	2	14	15	44	6	26	27	28	47	96	38	1	2	12	124
31	3	5	15	16	6	63	27	28	79	96	9	10	11	12	13
31	4	14	15	44	6	47	96	9	10	11	12	30
32	0	35	48	38	1	2	64	4
32	1	14	15	46	44	6	32	26	7	27	28	33	47	48	38	1	2	3	105
32	2	5	15	36	48	9	21	11	22	30
33	0	35	48	38	1	2	64	4
33	1	14	15	46	44	6	32	26	7	27	28	33	47	48	38	1	2	3	105
33	2	5	15	36	48	9	21	11	22	30
34	0	35	48	38	1	2	64	4
34	1	14	15	46	44	6	32	26	7	27	28	33	47	48	38	1	2	3	124
34	2	5	15	36	48	9	21	11	22	30
35	0	53	44	125	63	7	35	49	50	68	27	28	41	85	54	93	0	56	65	64	4
35	1	5	15	31	44	57	32	7	27	28	33	36	47	93	55	38	1	2	3	126
35	2	5	15	31	44	57	32	7	27	28	33	36	47	93	55	38	1	2	3	118
35	3	5	15	31	7	35	33	71	55	38	1	74	12	30
36	0	35	48	38	1	2	64	4
36	1	14	15	46	44	6	32	26	7	27	28	33	47	48	38	1	2	3	124
36	2	5	15	36	48	9	21	11	22	123
36	3	14	15	46	44	6	32	26	7	27	28	33	47	48	38	1	2	3	124
36	4	5	15	36	48	9	21	11	22	30
37	0	16	66	94	27	28	113	76	77	51	52	70	121	122	9	10	11	12	4
37	1	59	6	106	107	108	15	16	17	6	40	76	77	86	80	81	121	122	20	21	11	22	13
37	2	5	6	15	24	25	6	57	104	121	122	20	21	11	12	30
38	0	53	44	125	63	7	35	49	50	68	27	28	41	85	54	93	0	56	65	64	4
38	1	5	15	31	44	57	32	7	27	28	33	36	47	93	55	38	1	2	3	123
38	2	5	31	57	32	33	58	55	0	1	2	12	123
38	3	5	49	15	54	31	53	32	26	7	27	28	33	55	0	56	2	3	123
38	4	5	49	15	54	31	53	32	26	7	35	50	33	41	47	55	0	56	65	64	30
39	0	53	44	63	32	7	35	50	40	41	54	72	0	56	65	64	4
39	1	59	6	15	92	16	17	6	41	78	18	80	81	121	122	38	10	11	22	13
39	2	59	6	6	40	85	75	76	77	51	52	86	78	87	88	20	21	11	22	13
39	3	14	49	15	54	53	44	32	26	7	35	50	27	28	33	41	47	34	0	56	65	64	13
39	4	5	15	31	53	44	84	32	26	7	27	28	62	33	41	85	58	34	8	61	0	56	65	64	13
39	5	59	6	6	40	87	88	9	10	74	12	13
39	6	59	6	106	107	108	15	16	17	6	40	76	77	86	80	81	121	122	20	21	11	22	13
39	7	59	15	54	53	44	32	26	35	50	27	28	33	41	34	0	56	65	64	13
39	8	5	6	39	27	28	40	51	52	80	81	9	10	74	12	13
39	9	5	31	32	7	33	48	127	38	1	2	3	13
39	10	5	49	15	54	31	53	32	26	7	35	50	33	41	47	55	0	56	65	64	30
40	0	53	44	94	63	35	27	28	54	55	38	1	74	64	4
40	1	5	15	31	44	57	32	7	27	28	33	36	47	93	55	38	1	2	3	13
40	2	5	49	15	54	31	53	32	26	7	27	28	33	55	0	56	2	3	30
41	0	14	53	44	94	50	68	41	69	70	71	72	38	1	2	64	4
41	1	59	6	15	92	16	17	6	41	78	18	80	81	121	122	38	10	11	22	13
41	2	14	49	15	54	53	44	32	26	7	35	50	27	28	33	41	47	34	0	56	65	64	13
41	3	59	15	54	53	44	32	26	35	50	27	28	33	41	34	0	56	65	64	13
41	4	59	15	54	53	44	84	32	26	35	27	28	33	41	85	71	37	0	56	2	64	30
42	0	44	63	32	35	68	41	54	55	0	56	65	64	4
42	1	5	49	15	54	31	53	32	26	7	35	50	33	41	47	55	0	56	65	64	123
42	2	5	49	15	54	31	53	32	26	7	35	50	33	41	47	55	0	56	65	64	124
42	3	14	6	24	25	6	42	100	101	55	9	10	11	12	30
43	0	53	44	63	50	96	38	10	74	64	4
43	1	14	15	46	44	26	36	47	79	96	9	10	74	3	118
43	2	5	6	15	16	17	113	78	79	82	83	9	10	11	22	30
44	0	0	1	2	3	4
44	1	14	31	6	32	26	7	27	28	33	34	0	1	2	3	13
44	2	14	26	27	28	43	0	1	2	3	13
44	3	5	31	44	32	26	7	35	27	28	62	33	41	34	8	0	1	2	3	13
44	4	14	6	39	27	28	40	41	42	43	0	1	2	12	13
44	5	59	15	54	53	44	32	26	7	35	33	34	60	61	0	1	2	3	13
44	6	5	31	44	32	26	7	35	27	28	62	33	41	34	8	0	1	2	3	30
45	0	94	24	25	76	77	100	9	21	11	12	4
45	1	14	6	24	25	6	42	100	101	55	9	10	11	12	13
45	2	15	31	6	26	62	41	100	101	38	1	2	12	13
45	3	59	15	6	32	18	100	9	10	74	12	13
45	4	14	6	24	25	6	67	42	100	101	9	10	74	12	30
46	0	8	9	10	74	3	4
46	1	14	6	27	28	8	19	9	10	74	12	13
46	2	14	6	16	17	8	19	9	21	11	22	13
46	3	5	6	16	17	8	19	9	21	11	22	13
46	4	59	6	15	16	17	63	27	28	8	19	9	10	11	12	13
46	5	59	6	24	25	16	17	63	27	28	8	19	9	10	11	12	123
46	6	14	6	27	28	8	19	9	10	74	12	123
46	7	14	23	68	15	6	41	47	8	19	38	10	2	12	123
46	8	14	23	68	15	6	41	47	8	19	38	10	2	12	123
46	9	5	15	31	6	57	32	27	28	71	8	38	1	2	12	123
46	10	5	31	44	32	26	7	35	27	28	62	33	41	34	8	0	1	2	3	13
46	11	14	6	46	44	26	27	28	33	8	38	1	65	3	13
46	12	5	15	31	53	44	84	32	26	7	27	28	62	33	41	85	58	34	8	61	0	56	65	64	13
46	13	14	6	46	44	26	27	28	33	8	38	1	65	3	123
46	14	14	23	68	15	6	41	47	8	19	38	10	2	12	123
46	15	14	6	27	28	8	19	9	10	74	12	123
46	16	59	6	24	25	16	17	63	27	28	8	19	9	10	11	12	123
46	17	14	6	27	28	8	19	9	10	74	12	13
46	18	14	6	15	24	25	6	63	27	28	8	9	10	2	12	13
46	19	5	6	15	6	63	27	28	8	9	10	74	12	13
46	20	59	15	6	27	28	40	8	19	9	10	74	12	13
46	21	5	15	6	63	27	28	47	8	9	10	74	12	13
46	22	5	6	15	16	17	27	28	19	127	9	10	74	12	13
46	23	59	15	6	27	28	40	8	19	9	10	74	12	13
46	24	59	15	6	39	27	28	41	8	9	10	74	12	128
46	25	59	6	15	24	25	16	17	63	27	28	8	19	9	21	11	22	128
46	26	59	15	6	39	27	28	41	8	9	10	74	12	128
46	27	59	6	15	24	25	16	17	63	27	28	8	19	9	21	11	22	13
46	28	14	6	27	28	8	19	9	10	74	12	128
46	29	59	6	15	24	25	16	17	63	27	28	8	19	9	21	11	22	13
46	30	14	49	15	7	27	28	36	47	18	8	9	10	74	12	13
46	31	59	15	16	17	6	63	8	19	20	21	11	12	30
47	0	16	17	94	24	25	75	76	77	42	129	97	9	21	111	12	4
47	1	14	6	15	63	86	78	129	82	83	97	38	21	111	22	13
47	2	14	63	78	79	129	97	20	21	11	22	13
47	3	5	6	39	18	48	96	97	38	10	11	12	13
47	4	59	6	15	24	25	63	86	78	129	97	20	21	111	22	13
47	5	14	6	86	78	129	97	9	21	111	22	13
47	6	14	6	16	63	39	86	78	129	97	20	21	111	22	30
48	0	51	52	20	10	65	3	4
48	1	5	6	51	52	42	43	20	10	74	12	13
48	2	14	15	6	32	27	28	33	112	58	51	52	93	55	9	10	2	3	30
49	0	35	79	96	38	10	11	64	4
49	1	5	15	16	6	63	27	28	79	96	9	10	11	12	123
49	2	14	15	46	44	26	36	47	79	96	9	10	74	3	30
50	0	0	1	2	3	4
50	1	14	31	6	32	26	7	27	28	33	34	0	1	2	3	13
50	2	14	6	39	27	28	40	41	42	43	0	1	2	12	13
50	3	5	49	15	54	31	53	32	26	7	27	28	33	55	0	56	2	3	30
51	0	130	8	9	10	74	3	4
51	1	14	6	27	28	8	19	9	10	74	12	123
51	2	14	23	68	15	6	41	47	8	19	38	10	2	12	30
52	0	53	44	63	7	35	50	27	28	54	55	0	1	2	64	4
52	1	5	49	15	54	31	53	32	26	7	35	50	33	41	47	55	0	56	65	64	105
52	2	5	54	31	6	32	26	35	55	38	1	74	12	124
52	3	14	6	24	25	6	42	100	101	55	9	10	11	12	30
53	0	38	10	74	3	4
53	1	5	15	44	6	26	50	27	28	41	47	96	38	1	74	3	13
53	2	14	6	15	46	54	6	40	41	47	114	38	10	74	12	13
53	3	59	15	6	57	71	8	38	10	74	12	123
53	4	14	23	68	15	6	41	47	8	19	38	10	2	12	30
54	0	38	10	74	3	4
54	1	59	15	6	57	71	8	38	10	74	12	123
54	2	59	15	6	57	71	8	38	10	74	12	123
54	3	59	15	6	57	71	8	38	10	74	12	123
54	4	5	15	44	6	26	50	27	28	41	47	96	38	1	74	3	13
54	5	59	15	6	57	71	8	38	10	74	12	13
54	6	14	6	15	46	54	6	40	41	47	114	38	10	74	12	30
55	0	16	17	94	24	25	75	76	77	42	129	97	9	21	111	12	4
55	1	14	6	15	63	86	78	129	82	83	97	38	21	111	22	13
55	2	14	6	24	25	16	131	17	6	39	40	90	82	83	20	21	11	22	13
55	3	59	6	63	78	82	83	132	9	10	111	22	30
56	0	16	17	94	131	24	25	89	110	133	20	21	111	22	4
56	1	5	6	15	16	6	76	77	79	89	9	21	111	22	13
56	2	59	6	15	16	6	27	28	113	51	52	48	89	20	10	74	12	13
56	3	59	16	17	6	40	89	9	21	111	12	13
56	4	14	15	6	18	79	89	9	10	11	12	13
56	5	5	6	15	6	27	28	79	89	9	10	11	12	13
56	6	5	66	6	15	16	17	6	39	40	18	89	9	21	111	22	13
56	7	59	92	6	57	39	89	38	10	111	22	13
56	8	5	6	15	16	6	79	89	9	10	74	12	13
56	9	5	6	15	16	6	76	77	79	89	9	21	111	22	13
56	10	59	15	6	63	79	93	89	9	10	11	12	13
56	11	59	6	15	16	17	76	77	89	9	21	111	12	13
56	12	14	24	25	6	32	40	58	89	9	10	11	12	30
57	0	16	17	94	131	24	25	89	110	133	20	21	111	22	4
57	1	5	6	15	16	6	76	77	79	89	9	21	111	22	13
57	2	14	24	25	6	32	40	58	89	9	10	11	12	30
58	0	44	94	63	50	27	28	112	76	77	42	96	0	10	11	3	4
58	1	5	15	16	6	63	27	28	79	96	9	10	11	12	13
58	2	14	15	44	50	27	28	47	96	20	21	11	12	30
59	0	53	66	44	94	50	27	28	95	96	38	10	74	3	4
59	1	14	15	46	44	26	36	47	79	96	9	10	74	3	13
59	2	14	15	44	6	26	27	28	47	96	38	1	2	12	30
60	0	16	17	27	28	24	25	134	70	79	135	9	21	74	12	4
60	1	23	6	15	24	25	16	131	17	39	27	28	40	113	79	82	83	20	10	74	22	126
60	2	14	39	75	76	77	78	79	80	81	82	83	38	10	11	22	13
60	3	5	15	16	6	63	27	28	79	96	9	10	11	12	126
60	4	14	39	75	76	77	78	79	80	81	82	83	38	10	11	22	30
61	0	40	8	9	21	11	12	4
61	1	14	6	16	17	8	19	9	21	11	22	13
61	2	5	6	16	17	8	19	9	21	11	22	123
61	3	59	6	24	25	16	17	63	27	28	8	19	9	10	11	12	13
61	4	59	15	6	27	28	40	8	19	9	10	74	12	13
61	5	14	23	68	15	6	41	47	8	19	38	10	2	12	13
61	6	14	6	27	28	8	19	9	10	74	12	13
61	7	5	16	17	39	19	9	10	11	22	30
62	0	16	131	36	51	52	8	136	21	11	3	4
62	1	59	6	15	24	25	16	131	17	18	8	19	20	21	11	22	13
62	2	14	6	16	17	8	19	9	21	11	22	30
63	0	14	68	41	8	38	10	74	3	4
63	1	14	23	68	15	6	41	47	8	19	38	10	2	12	13
63	2	59	68	15	6	40	41	114	8	9	10	74	12	30
64	0	16	17	94	24	25	75	76	77	42	129	97	9	21	111	12	4
64	1	14	6	15	63	86	78	129	82	83	97	38	21	111	22	13
64	2	14	6	16	63	39	86	78	129	97	20	21	111	22	13
64	3	59	24	25	63	97	20	21	11	22	13
64	4	59	6	15	24	25	63	86	78	129	97	20	21	111	22	13
64	5	14	6	86	78	129	97	9	21	111	22	13
64	6	14	6	86	78	129	97	9	21	111	22	13
64	7	14	63	78	79	129	97	20	21	11	22	13
64	8	14	63	78	79	129	97	20	21	11	22	30
65	0	53	44	125	63	7	35	49	50	68	27	28	41	85	54	93	0	56	65	64	4
65	1	5	15	31	44	57	32	7	27	28	33	36	47	93	55	38	1	2	3	105
65	2	5	15	6	93	34	9	10	74	12	118
65	3	5	54	31	6	32	7	79	93	9	10	74	12	30
66	0	94	35	40	24	25	70	72	9	10	74	3	4
66	1	59	6	6	40	87	88	9	10	74	12	13
66	2	5	6	39	27	28	40	51	52	80	81	9	10	74	12	30
67	0	14	16	66	44	17	94	131	67	68	27	28	24	25	102	73	20	21	2	12	4
67	1	59	15	54	53	44	27	28	36	47	102	38	1	2	3	105
67	2	5	15	31	6	27	28	102	38	10	2	12	30
68	0	53	44	63	50	68	27	28	41	36	54	55	0	1	2	64	4
68	1	5	49	15	54	31	53	32	26	7	35	50	33	41	47	55	0	56	65	64	13
68	2	5	31	44	32	7	33	93	55	38	1	2	3	13
68	3	5	31	57	32	7	33	55	38	1	2	12	30
69	0	0	1	2	3	4
69	1	14	31	6	32	26	7	27	28	33	34	0	1	2	3	105
69	2	5	6	32	7	27	28	34	37	9	10	2	12	13
69	3	5	15	6	93	34	9	10	74	12	13
69	4	14	62	34	20	21	11	12	13
69	5	5	6	6	57	32	7	27	28	34	8	38	10	74	12	13
69	6	59	63	34	137	9	21	11	12	13
69	7	5	6	15	31	27	28	58	34	9	10	2	12	30
70	0	44	94	63	50	27	28	112	76	77	42	96	0	10	11	3	4
70	1	5	15	16	6	63	27	28	79	96	9	10	11	12	13
70	2	5	15	44	6	26	50	27	28	41	47	96	38	1	74	3	13
70	3	5	15	44	27	28	47	96	38	10	74	3	13
70	4	5	15	16	6	63	27	28	79	96	9	10	11	12	13
70	5	14	15	44	6	27	28	62	47	96	9	10	74	3	13
70	6	14	15	44	50	27	28	47	96	20	21	11	12	13
70	7	14	15	44	6	26	50	27	28	47	96	38	10	74	3	13
70	8	5	15	44	6	26	50	27	28	41	47	96	38	1	74	3	13
70	9	14	15	46	44	26	36	47	79	96	9	10	74	3	13
70	10	14	15	46	44	6	27	28	62	58	51	52	47	48	96	9	10	74	3	30
71	0	66	44	67	35	68	41	69	70	71	72	73	38	10	74	3	4
71	1	14	39	75	76	77	78	79	80	81	82	83	38	10	11	22	13
71	2	59	15	6	63	79	93	89	9	10	11	12	13
71	3	59	6	6	40	87	88	9	10	74	12	13
71	4	5	6	15	63	39	79	90	9	10	11	22	30
72	0	35	114	9	10	11	3	4
72	1	59	68	15	6	40	41	114	8	9	10	74	12	13
72	2	59	24	25	51	52	114	9	10	11	12	13
72	3	14	6	15	35	40	36	114	9	10	74	12	13
72	4	59	15	6	32	7	18	114	9	10	11	12	13
72	5	14	68	46	6	67	32	27	28	40	51	52	114	9	10	74	12	13
72	6	59	24	25	67	32	7	27	28	71	109	114	8	20	21	11	12	13
72	7	14	46	32	27	28	51	52	114	9	10	74	12	13
72	8	59	15	7	114	9	10	74	12	13
72	9	14	106	107	108	68	15	46	44	6	67	32	50	27	28	62	41	58	47	114	9	10	2	3	13
72	10	59	15	6	32	40	114	9	10	11	12	13
72	11	59	6	32	40	114	9	10	74	12	13
72	12	15	32	7	114	9	10	74	12	30
73	0	53	44	63	32	35	49	50	27	28	112	24	25	51	52	93	9	1	65	64	4
73	1	14	15	6	32	27	28	33	112	58	51	52	93	55	9	10	2	3	105
73	2	5	15	6	93	34	9	10	74	12	30
74	0	76	77	138	9	10	11	12	4
74	1	59	6	92	138	9	10	11	22	13
74	2	14	47	138	38	10	74	12	13
74	3	59	104	138	9	10	11	12	13
74	4	59	92	39	104	138	9	21	111	22	13
74	5	59	92	39	104	138	9	21	111	22	30
75	0	66	44	67	41	54	102	73	133	38	10	2	3	4
75	1	59	15	54	53	44	27	28	36	47	102	38	1	2	3	13
75	2	59	6	15	6	27	28	40	58	71	133	9	10	74	12	30
76	0	24	25	51	52	139	140	9	21	111	12	4
76	1	59	92	140	141	9	21	111	22	123
76	2	14	15	63	27	28	140	142	9	10	11	12	30
77	0	24	25	51	52	139	140	9	21	111	12	4
77	1	59	92	140	141	9	21	111	22	123
77	2	59	92	140	141	9	21	111	22	123
77	3	59	92	140	141	9	21	111	22	123
77	4	14	15	63	27	28	140	142	9	10	11	12	30
78	0	0	1	2	3	4
78	1	14	31	6	32	26	7	27	28	33	34	0	1	2	3	123
78	2	5	49	15	54	31	53	6	32	26	7	35	27	28	33	41	85	34	0	56	2	64	30
79	0	24	25	51	52	139	140	9	21	111	12	4
79	1	59	92	140	141	9	21	111	22	123
79	2	59	92	140	141	9	21	111	22	123
79	3	14	15	63	27	28	140	142	9	10	11	12	30
80	0	24	25	130	8	9	10	74	12	4
80	1	59	6	24	25	16	17	63	27	28	8	19	9	10	11	12	123
80	2	14	6	27	28	8	19	9	10	74	12	30
81	0	53	44	63	32	7	35	50	40	41	54	72	0	56	65	64	4
81	1	59	6	15	92	16	17	6	41	78	18	80	81	121	122	38	10	11	22	13
81	2	14	49	15	54	53	44	32	26	7	35	50	27	28	33	41	47	34	0	56	65	64	13
81	3	59	15	54	53	44	32	26	35	50	27	28	33	41	34	0	56	65	64	13
81	4	5	6	39	27	28	40	51	52	80	81	9	10	74	12	30
82	0	5	66	63	7	62	96	20	21	11	12	4
82	1	5	15	16	6	63	27	28	79	96	9	10	11	12	123
82	2	14	15	46	44	26	36	47	79	96	9	10	74	3	30
83	0	16	66	17	94	131	67	35	68	27	28	69	76	77	51	52	95	79	109	20	21	11	12	4
83	1	5	15	16	6	63	27	28	79	96	9	10	11	12	13
83	2	23	6	15	24	25	16	131	17	39	27	28	40	113	79	82	83	20	10	74	22	30
84	0	14	16	66	44	17	94	131	67	68	27	28	24	25	102	73	20	21	2	12	4
84	1	59	15	54	53	44	27	28	36	47	102	38	1	2	3	13
84	2	14	39	75	76	77	78	79	80	81	82	83	38	10	11	22	30
85	0	44	63	32	35	68	41	54	55	0	56	65	64	4
85	1	5	49	15	54	31	53	32	26	7	35	50	33	41	47	55	0	56	65	64	13
85	2	5	15	31	7	35	33	71	55	38	1	74	12	30
86	0	53	44	63	32	7	35	50	40	41	54	72	0	56	65	64	4
86	1	59	6	15	92	16	17	6	41	78	18	80	81	121	122	38	10	11	22	13
86	2	14	49	15	54	53	44	32	26	7	35	50	27	28	33	41	47	34	0	56	65	64	13
86	3	5	31	32	7	33	48	127	38	1	2	3	13
86	4	59	15	54	53	44	32	26	35	50	27	28	33	41	34	0	56	65	64	105
86	5	5	6	32	7	27	28	34	37	9	10	2	12	13
86	6	5	6	15	31	27	28	58	34	9	10	2	12	13
86	7	5	31	44	32	26	7	35	27	28	62	33	41	34	8	0	1	2	3	30
87	0	94	67	35	130	51	52	71	102	133	38	10	74	3	4
87	1	59	92	6	39	71	102	143	37	38	10	74	12	13
87	2	59	6	71	133	101	9	21	11	12	30
88	0	94	76	77	8	38	10	74	3	4
88	1	14	23	68	15	6	41	47	8	19	38	10	2	12	13
88	2	59	68	15	6	40	41	114	8	9	10	74	12	30
89	0	53	44	125	63	7	35	49	50	68	27	28	41	85	54	93	0	56	65	64	4
89	1	5	15	31	44	57	32	7	27	28	33	36	47	93	55	38	1	2	3	105
89	2	5	15	6	93	34	9	10	74	12	13
89	3	5	6	15	31	6	32	7	27	28	62	93	9	10	74	12	13
89	4	5	31	57	32	33	58	55	0	1	2	12	13
89	5	5	54	31	6	32	26	35	55	38	1	74	12	13
89	6	5	15	31	7	35	33	71	55	38	1	74	12	13
89	7	5	6	15	103	6	84	27	28	104	79	93	20	21	11	12	13
89	8	66	15	115	116	63	39	40	117	93	9	10	74	22	30
90	0	16	94	76	77	18	129	97	9	144	111	22	4
90	1	14	6	15	63	86	78	129	82	83	97	38	21	111	22	118
90	2	14	6	86	78	129	97	9	21	111	22	105
90	3	14	6	86	78	129	97	9	21	111	22	13
90	4	14	39	75	76	77	78	79	80	81	82	83	38	10	11	22	13
90	5	5	6	39	18	48	96	97	38	10	11	12	13
90	6	5	6	15	16	17	113	78	79	82	83	9	10	11	22	13
90	7	23	6	15	24	25	16	131	17	39	27	28	40	113	79	82	83	20	10	74	22	30
91	0	20	21	11	12	4
91	1	59	57	8	20	21	11	12	123
91	2	14	6	16	17	8	19	9	21	11	22	30
92	0	62	8	20	21	11	12	4
92	1	5	6	15	16	17	63	27	28	8	19	20	21	11	12	13
92	2	59	15	16	17	6	63	8	19	20	21	11	12	30
93	0	16	131	27	28	51	52	110	20	10	74	22	4
93	1	59	6	15	16	6	27	28	113	51	52	48	89	20	10	74	12	105
93	2	5	6	15	16	6	76	77	79	89	9	21	111	22	128
93	3	59	15	6	63	79	93	89	9	10	11	12	13
93	4	14	63	78	79	129	97	20	21	11	22	124
93	5	14	6	16	63	39	86	78	129	97	20	21	111	22	13
93	6	5	6	15	16	17	113	78	79	82	83	9	10	11	22	13
93	7	5	6	15	16	17	113	78	79	82	83	9	10	11	22	13
93	8	5	6	15	16	17	113	78	79	82	83	9	10	11	22	13
93	9	5	6	15	16	17	113	78	79	82	83	9	10	11	22	13
93	10	5	6	15	16	17	113	78	79	82	83	9	10	11	22	124
93	11	59	15	6	63	79	93	89	9	10	11	12	13
93	12	14	63	78	79	129	97	20	21	11	22	128
93	13	59	6	15	16	6	27	28	113	51	52	48	89	20	10	74	12	105
93	14	5	6	15	16	6	76	77	79	89	9	21	111	22	30
94	0	53	44	63	32	7	35	50	40	41	54	72	0	56	65	64	4
94	1	59	6	15	92	16	17	6	41	78	18	80	81	121	122	38	10	11	22	123
94	2	59	6	15	92	16	17	6	41	78	18	80	81	121	122	38	10	11	22	118
94	3	59	6	15	92	16	17	6	41	78	18	80	81	121	122	38	10	11	22	13
94	4	5	15	31	53	44	84	32	26	7	27	28	62	33	41	85	58	34	8	61	0	56	65	64	30
95	0	53	44	63	50	68	27	28	41	36	54	55	0	1	2	64	4
95	1	5	49	15	54	31	53	32	26	7	35	50	33	41	47	55	0	56	65	64	118
95	2	5	49	15	54	31	53	32	26	7	35	50	33	41	47	55	0	56	65	64	105
95	3	5	54	31	6	32	26	35	55	38	1	74	12	13
95	4	5	15	31	44	57	32	7	27	28	33	36	47	93	55	38	1	2	3	124
95	5	5	31	44	32	7	33	93	55	38	1	2	3	30
96	0	53	44	63	32	35	49	50	27	28	112	24	25	51	52	93	9	1	65	64	4
96	1	14	15	6	32	27	28	33	112	58	51	52	93	55	9	10	2	3	123
96	2	5	15	31	44	57	32	7	27	28	33	36	47	93	55	38	1	2	3	30
97	0	53	44	63	50	96	38	10	74	64	4
97	1	14	15	46	44	26	36	47	79	96	9	10	74	3	105
97	2	5	15	16	6	63	27	28	79	96	9	10	11	12	105
97	3	5	6	15	63	39	79	90	9	10	11	22	30
98	0	0	1	2	3	4
98	1	14	31	6	32	26	7	27	28	33	34	0	1	2	3	13
98	2	14	26	27	28	43	0	1	2	3	30
99	0	44	94	63	32	35	112	41	70	93	55	38	1	65	3	4
99	1	5	31	44	32	7	33	93	55	38	1	2	3	13
99	2	5	6	15	24	25	63	39	93	114	20	21	11	12	30
100	0	94	76	77	8	38	10	74	3	4
100	1	14	23	68	15	6	41	47	8	19	38	10	2	12	123
100	2	5	15	31	6	57	32	27	28	71	8	38	1	2	12	123
100	3	5	31	44	32	26	7	35	27	28	62	33	41	34	8	0	1	2	3	13
100	4	5	15	31	53	44	84	32	26	7	27	28	62	33	41	85	58	34	8	61	0	56	65	64	13
100	5	5	15	31	53	44	84	32	26	7	27	28	62	33	41	85	58	34	8	61	0	56	65	64	13
100	6	14	6	46	44	26	27	28	33	8	38	1	65	3	124
100	7	59	6	15	24	25	16	17	63	27	28	8	19	9	21	11	22	123
100	8	59	6	24	25	16	17	63	27	28	8	19	9	10	11	12	30
101	0	14	16	66	44	17	94	131	67	68	27	28	24	25	102	73	20	21	2	12	4
101	1	59	15	54	53	44	27	28	36	47	102	38	1	2	3	13
101	2	14	6	15	46	62	47	102	38	10	74	12	30
102	0	94	113	62	145	146	38	10	74	12	4
102	1	59	6	92	63	145	140	9	21	111	22	13
102	2	14	6	27	28	40	47	145	9	10	74	12	13
102	3	5	15	6	26	27	28	51	52	145	38	10	74	12	13
102	4	14	6	27	28	40	47	145	9	10	74	12	30
103	0	66	44	7	35	54	55	0	56	2	64	4
103	1	5	49	15	54	31	53	32	26	7	35	50	33	41	47	55	0	56	65	64	13
103	2	5	15	31	44	57	32	7	27	28	33	36	47	93	55	38	1	2	3	30
104	0	94	67	35	130	51	52	71	102	133	38	10	74	3	4
104	1	59	92	6	39	71	102	143	37	38	10	74	12	13
104	2	59	6	15	6	27	28	40	58	71	133	9	10	74	12	30
105	0	44	125	94	63	32	35	49	27	28	40	130	51	52	70	72	38	1	65	64	4
105	1	5	6	39	27	28	40	51	52	80	81	9	10	74	12	13
105	2	59	6	15	92	16	17	6	41	78	18	80	81	121	122	38	10	11	22	13
105	3	5	31	32	7	33	48	127	38	1	2	3	13
105	4	59	6	6	40	87	88	9	10	74	12	30
106	0	14	16	66	17	94	131	27	28	69	79	73	110	20	21	2	12	4
106	1	5	15	16	6	63	27	28	79	96	9	10	11	12	13
106	2	59	15	6	63	79	93	89	9	10	11	12	30
107	0	53	94	27	28	79	9	21	74	12	4
107	1	5	6	15	16	6	79	89	9	10	74	12	123
107	2	5	16	17	63	78	79	38	10	74	22	126
107	3	5	6	15	16	6	76	77	79	89	9	21	111	22	30
108	0	63	35	36	85	72	9	10	74	3	4
108	1	59	6	6	40	87	88	9	10	74	12	105
108	2	5	66	6	6	84	39	85	76	77	86	78	87	88	9	10	11	22	30
109	0	16	17	94	24	25	75	76	77	42	129	97	9	21	111	12	4
109	1	14	6	15	63	86	78	129	82	83	97	38	21	111	22	13
109	2	59	6	15	24	25	63	86	78	129	97	20	21	111	22	13
109	3	14	6	86	78	129	97	9	21	111	22	13
109	4	59	6	15	24	25	63	86	78	129	97	20	21	111	22	13
109	5	14	106	107	108	68	15	46	44	6	67	32	50	27	28	62	41	58	47	114	9	10	2	3	30
110	0	44	125	94	63	32	35	49	27	28	40	130	51	52	70	72	38	1	65	64	4
110	1	5	6	39	27	28	40	51	52	80	81	9	10	74	12	13
110	2	14	39	75	76	77	78	79	80	81	82	83	38	10	11	22	13
110	3	5	31	32	7	33	48	127	38	1	2	3	13
110	4	14	49	15	46	6	32	26	7	35	50	27	28	33	41	51	52	47	37	38	1	2	3	13
110	5	59	6	6	40	85	75	76	77	51	52	86	78	87	88	20	21	11	22	13
110	6	59	6	6	40	87	88	9	10	74	12	13
110	7	59	6	15	92	16	17	6	41	78	18	80	81	121	122	38	10	11	22	13
110	8	5	6	15	16	17	27	28	19	127	9	10	74	12	13
110	9	59	6	106	107	108	15	16	17	6	40	76	77	86	80	81	121	122	20	21	11	22	13
110	10	14	15	44	32	26	7	35	27	28	33	36	51	52	47	18	37	38	1	65	3	30
111	0	16	17	27	28	24	25	134	70	79	135	9	21	74	12	4
111	1	23	6	15	24	25	16	131	17	39	27	28	40	113	79	82	83	20	10	74	22	13
111	2	5	6	15	16	6	79	89	9	10	74	12	13
111	3	5	15	16	6	63	27	28	79	96	9	10	11	12	30
112	0	94	49	8	38	10	74	3	4
112	1	14	23	68	15	6	41	47	8	19	38	10	2	12	123
112	2	5	15	31	6	57	32	27	28	71	8	38	1	2	12	30
113	0	67	49	68	27	28	41	76	77	51	52	79	121	122	9	10	74	3	4
113	1	59	6	15	92	16	17	6	41	78	18	80	81	121	122	38	10	11	22	13
113	2	5	6	15	24	25	6	57	104	121	122	20	21	11	12	13
113	3	5	6	39	86	104	78	121	122	9	10	11	22	13
113	4	59	6	106	107	108	15	16	17	6	40	76	77	86	80	81	121	122	20	21	11	22	13
113	5	59	6	15	103	6	57	78	121	122	38	10	111	22	13
113	6	14	39	75	76	77	78	79	80	81	82	83	38	10	11	22	13
113	7	5	6	15	6	27	28	79	89	9	10	11	12	13
113	8	5	24	25	6	121	122	20	21	11	12	13
113	9	14	15	46	44	26	36	47	79	96	9	10	74	3	13
113	10	5	6	15	24	25	6	57	104	121	122	20	21	11	12	13
113	11	5	15	16	6	63	27	28	79	96	9	10	11	12	30
114	0	8	48	9	10	74	12	4
114	1	14	6	15	44	6	26	27	28	62	47	8	48	9	10	74	3	13
114	2	5	15	8	19	9	10	11	12	30
115	0	53	44	63	32	35	49	50	27	28	112	24	25	51	52	93	9	1	65	64	4
115	1	14	15	6	32	27	28	33	112	58	51	52	93	55	9	10	2	3	105
115	2	5	15	6	93	34	9	10	74	12	30
116	0	53	44	63	32	35	49	50	27	28	112	24	25	51	52	93	9	1	65	64	4
116	1	14	15	6	32	27	28	33	112	58	51	52	93	55	9	10	2	3	105
116	2	5	15	6	93	34	9	10	74	12	118
116	3	5	54	31	6	32	7	79	93	9	10	74	12	30
117	0	53	44	94	32	35	27	28	40	41	69	51	52	70	72	38	1	65	64	4
117	1	5	6	39	27	28	40	51	52	80	81	9	10	74	12	13
117	2	5	31	32	7	33	48	127	38	1	2	3	13
117	3	59	6	6	40	85	75	76	77	51	52	86	78	87	88	20	21	11	22	13
117	4	59	6	6	40	87	88	9	10	74	12	13
117	5	5	6	15	16	17	27	28	19	127	9	10	74	12	13
117	6	14	49	15	54	53	44	32	26	7	35	50	27	28	33	41	47	34	0	56	65	64	13
117	7	59	6	106	107	108	15	16	17	6	40	76	77	86	80	81	121	122	20	21	11	22	30
118	0	44	94	63	32	35	112	41	70	93	55	38	1	65	3	4
118	1	5	31	44	32	7	33	93	55	38	1	2	3	13
118	2	5	6	15	24	25	63	39	93	114	20	21	11	12	13
118	3	5	15	31	6	32	26	7	27	28	93	38	1	2	3	13
118	4	5	15	6	93	34	9	10	74	12	13
118	5	5	54	31	6	32	26	35	55	38	1	74	12	13
118	6	5	31	57	32	7	33	55	38	1	2	12	30
119	0	38	10	74	3	4
119	1	5	15	44	6	26	50	27	28	41	47	96	38	1	74	3	105
119	2	5	15	16	6	63	27	28	79	96	9	10	11	12	118
119	3	14	15	46	44	26	36	47	79	96	9	10	74	3	13
119	4	14	63	39	78	71	79	9	10	11	22	30
120	0	14	16	27	28	60	20	21	11	12	4
120	1	59	15	54	53	44	32	26	7	35	33	34	60	61	0	1	2	3	13
120	2	14	15	44	27	28	36	47	60	38	1	2	3	13
120	3	5	15	60	20	21	11	12	30
121	0	66	94	67	69	127	119	38	10	2	3	4
121	1	59	6	24	25	119	120	38	21	111	22	118
121	2	5	71	119	9	10	74	12	124
121	3	59	6	24	25	119	120	38	21	111	22	118
121	4	5	71	119	9	10	74	12	30
122	0	35	48	38	1	2	64	4
122	1	14	15	46	44	6	32	26	7	27	28	33	47	48	38	1	2	3	13
122	2	5	49	15	6	48	9	10	74	12	30
123	0	53	44	63	50	96	38	10	74	64	4
123	1	14	15	46	44	26	36	47	79	96	9	10	74	3	13
123	2	14	15	46	44	26	47	96	38	1	74	3	13
123	3	14	15	44	6	26	50	27	28	47	96	38	10	74	3	13
123	4	14	15	46	44	6	96	38	10	74	3	13
123	5	14	23	106	107	108	15	6	27	28	51	52	96	38	10	74	3	13
123	6	5	15	44	6	26	50	27	28	41	47	96	38	1	74	3	30
124	0	70	72	114	9	10	74	12	4
124	1	59	68	15	6	40	41	114	8	9	10	74	12	13
124	2	15	32	7	114	9	10	74	12	30
125	0	44	125	94	63	32	35	49	68	27	28	112	69	76	77	147	148	9	10	2	3	4
125	1	14	6	63	32	7	27	28	42	148	9	10	74	12	13
125	2	5	15	6	63	27	28	79	132	9	10	11	22	123
125	3	5	6	15	16	6	79	89	9	10	74	12	30
126	0	44	125	94	63	32	35	49	27	28	40	130	51	52	70	72	38	1	65	64	4
126	1	5	6	39	27	28	40	51	52	80	81	9	10	74	12	128
126	2	59	6	15	92	16	17	6	41	78	18	80	81	121	122	38	10	11	22	30
127	0	70	72	114	9	10	74	12	4
127	1	59	68	15	6	40	41	114	8	9	10	74	12	13
127	2	14	68	46	6	67	32	27	28	40	51	52	114	9	10	74	12	13
127	3	59	15	6	32	7	18	114	9	10	11	12	13
127	4	59	6	32	40	114	9	10	74	12	13
127	5	59	15	32	26	62	41	42	114	38	10	74	12	30
128	0	66	44	63	7	35	50	68	62	41	36	54	55	38	1	2	64	4
128	1	5	49	15	54	31	53	32	26	7	35	50	33	41	47	55	0	56	65	64	13
128	2	59	15	54	44	6	32	27	28	33	58	47	55	9	10	2	3	13
128	3	5	31	35	71	55	38	1	74	3	30
129	0	8	9	10	11	12	4
129	1	14	6	27	28	8	19	9	10	74	12	105
129	2	59	6	15	24	25	16	17	63	27	28	8	19	9	21	11	22	30
130	0	18	8	9	21	11	12	4
130	1	14	6	16	17	8	19	9	21	11	22	118
130	2	59	24	25	67	32	7	27	28	71	109	114	8	20	21	11	12	30
131	0	17	94	68	76	77	8	9	10	11	12	4
131	1	59	68	15	6	40	41	114	8	9	10	74	12	13
131	2	14	23	68	15	6	41	47	8	19	38	10	2	12	30
132	0	24	25	51	52	8	9	10	74	12	4
132	1	14	6	27	28	8	19	9	10	74	12	124
132	2	59	6	15	24	25	16	17	63	27	28	8	19	9	21	11	22	124
132	3	59	6	15	24	25	16	131	17	18	8	19	20	21	11	22	124
132	4	14	23	68	15	6	41	47	8	19	38	10	2	12	124
132	5	14	23	68	15	6	41	47	8	19	38	10	2	12	105
132	6	59	6	15	24	25	16	17	63	27	28	8	19	9	21	11	22	30
133	0	44	125	94	63	32	35	49	68	27	28	112	69	76	77	147	148	9	10	2	3	4
133	1	14	6	63	32	7	27	28	42	148	9	10	74	12	13
133	2	14	149	6	63	32	7	27	28	148	20	21	11	12	13
133	3	5	15	51	52	148	20	21	11	12	13
133	4	5	15	6	63	27	28	79	132	9	10	11	22	13
133	5	59	15	6	63	27	28	150	9	10	74	12	13
133	6	5	15	54	6	63	27	28	151	9	10	11	22	13
133	7	59	6	63	76	77	86	132	9	10	111	22	13
133	8	59	6	63	18	132	9	10	74	12	13
133	9	59	6	6	63	132	9	10	111	22	13
133	10	59	6	63	78	82	83	132	9	10	111	22	30
134	0	8	9	10	11	12	4
134	1	14	6	27	28	8	19	9	10	74	12	118
134	2	59	24	25	67	32	7	27	28	71	109	114	8	20	21	11	12	30
135	0	16	94	85	76	77	78	79	82	109	9	21	11	12	4
135	1	14	6	103	6	63	39	112	76	77	78	79	82	83	9	10	11	22	123
135	2	14	39	75	76	77	78	79	80	81	82	83	38	10	11	22	13
135	3	5	6	6	63	62	47	79	109	37	9	10	74	12	30
136	0	14	16	66	17	94	131	27	28	69	79	73	110	20	21	2	12	4
136	1	5	15	16	6	63	27	28	79	96	9	10	11	12	13
136	2	23	6	15	24	25	16	131	17	39	27	28	40	113	79	82	83	20	10	74	22	30
137	0	51	52	20	10	65	3	4
137	1	5	6	51	52	42	43	20	10	74	12	124
137	2	5	6	51	52	42	43	20	10	74	12	105
137	3	59	6	6	39	43	9	10	74	22	126
137	4	59	15	6	27	28	48	43	9	10	11	12	30
138	0	53	44	63	32	35	49	50	27	28	112	24	25	51	52	93	9	1	65	64	4
138	1	14	15	6	32	27	28	33	112	58	51	52	93	55	9	10	2	3	123
138	2	5	15	31	44	57	32	7	27	28	33	36	47	93	55	38	1	2	3	123
138	3	5	31	57	32	33	58	55	0	1	2	12	30
139	0	53	44	63	50	68	27	28	41	36	54	55	0	1	2	64	4
139	1	5	49	15	54	31	53	32	26	7	35	50	33	41	47	55	0	56	65	64	13
139	2	5	31	32	26	7	35	40	33	58	55	38	1	2	3	30
140	0	94	112	76	77	18	96	9	10	11	3	4
140	1	5	15	16	6	63	27	28	79	96	9	10	11	12	105
140	2	5	6	15	63	39	79	90	9	10	11	22	30
141	0	16	17	94	131	27	28	24	25	75	76	77	83	110	20	21	111	22	4
141	1	14	6	24	25	16	131	17	6	39	40	90	82	83	20	21	11	22	118
141	2	23	6	15	24	25	16	131	17	39	27	28	40	113	79	82	83	20	10	74	22	30
142	0	53	44	63	32	35	49	50	27	28	112	24	25	51	52	93	9	1	65	64	4
142	1	14	15	6	32	27	28	33	112	58	51	52	93	55	9	10	2	3	13
142	2	5	15	31	44	57	32	7	27	28	33	36	47	93	55	38	1	2	3	30
143	0	53	66	44	94	50	27	28	95	96	38	10	74	3	4
143	1	14	15	46	44	26	36	47	79	96	9	10	74	3	13
143	2	14	15	44	6	26	50	27	28	47	96	38	10	74	3	13
143	3	14	23	106	107	108	15	6	27	28	51	52	96	38	10	74	3	13
143	4	5	15	44	27	28	47	96	38	10	74	3	13
143	5	14	15	46	44	26	36	47	79	96	9	10	74	3	13
143	6	5	15	44	6	26	50	27	28	41	47	96	38	1	74	3	30
144	0	53	66	44	94	50	27	28	95	96	38	10	74	3	4
144	1	14	15	46	44	26	36	47	79	96	9	10	74	3	13
144	2	5	15	44	6	26	50	27	28	41	47	96	38	1	74	3	30
145	0	53	66	44	94	50	27	28	95	96	38	10	74	3	4
145	1	5	15	44	6	26	50	27	28	41	47	96	38	1	74	3	124
145	2	14	15	131	6	26	27	28	51	52	96	20	21	11	12	30
146	0	53	66	44	94	50	27	28	95	96	38	10	74	3	4
146	1	14	15	46	44	26	36	47	79	96	9	10	74	3	13
146	2	5	15	16	6	63	27	28	79	96	9	10	11	12	13
146	3	14	15	46	44	6	27	28	62	58	51	52	47	48	96	9	10	74	3	13
146	4	5	15	44	6	26	50	27	28	41	47	96	38	1	74	3	30
147	0	53	66	44	94	50	27	28	95	96	38	10	74	3	4
147	1	14	15	46	44	26	36	47	79	96	9	10	74	3	13
147	2	5	15	44	6	26	50	27	28	41	47	96	38	1	74	3	13
147	3	5	15	44	27	28	47	96	38	10	74	3	13
147	4	14	23	106	107	108	68	15	46	44	6	67	26	27	28	41	96	38	1	74	3	13
147	5	14	15	44	6	26	50	27	28	47	96	38	10	74	3	30
148	0	44	63	7	35	27	28	54	76	77	91	38	1	2	64	4
148	1	59	92	63	42	91	20	21	11	12	13
148	2	59	15	54	53	44	84	32	26	35	27	28	33	41	85	71	37	0	56	2	64	13
148	3	5	15	54	31	53	6	32	26	7	35	27	28	33	58	34	38	1	2	3	13
148	4	5	31	44	32	26	7	35	27	28	62	33	41	34	8	0	1	2	3	13
148	5	14	15	44	32	26	7	35	27	28	33	36	51	52	47	18	37	38	1	65	3	30
149	0	44	94	63	50	27	28	112	76	77	42	96	0	10	11	3	4
149	1	5	15	16	6	63	27	28	79	96	9	10	11	12	13
149	2	5	15	6	63	27	28	48	96	9	10	74	12	13
149	3	5	15	6	63	27	28	48	96	9	10	74	12	30
150	0	49	79	109	110	20	21	11	12	4
150	1	5	6	24	25	17	6	75	78	79	90	20	21	11	22	13
150	2	59	6	106	107	108	15	16	17	6	67	18	79	20	21	11	22	30
151	0	49	79	109	110	20	21	11	12	4
151	1	5	6	24	25	17	6	75	78	79	90	20	21	11	22	13
151	2	14	131	67	40	112	42	79	20	21	11	22	13
151	3	14	131	67	40	112	42	79	20	21	11	22	13
151	4	14	131	67	40	112	42	79	20	21	11	22	30
152	0	14	16	66	17	94	131	27	28	69	79	73	110	20	21	2	12	4
152	1	5	15	16	6	63	27	28	79	96	9	10	11	12	124
152	2	14	15	46	44	26	36	47	79	96	9	10	74	3	118
152	3	5	15	16	6	63	27	28	79	96	9	10	11	12	124
152	4	14	15	46	44	26	36	47	79	96	9	10	74	3	30
153	0	38	10	74	3	4
153	1	5	15	44	6	26	50	27	28	41	47	96	38	1	74	3	105
153	2	5	15	16	6	63	27	28	79	96	9	10	11	12	13
153	3	5	15	44	36	47	96	9	10	74	12	30
154	0	53	66	44	94	50	27	28	95	96	38	10	74	3	4
154	1	14	15	46	44	26	36	47	79	96	9	10	74	3	105
154	2	5	15	16	6	63	27	28	79	96	9	10	11	12	30
155	0	53	66	44	94	50	27	28	95	96	38	10	74	3	4
155	1	14	15	46	44	26	36	47	79	96	9	10	74	3	13
155	2	14	15	44	6	27	28	62	47	96	9	10	74	3	30
156	0	44	63	7	35	27	28	54	76	77	91	38	1	2	64	4
156	1	14	92	39	140	9	21	111	22	13
156	2	59	6	106	107	108	67	42	152	20	10	74	22	30
157	0	16	66	94	27	28	113	76	77	51	52	70	121	122	9	10	11	12	4
157	1	59	6	106	107	108	15	16	17	6	40	76	77	86	80	81	121	122	20	21	11	22	13
157	2	59	6	15	92	16	17	6	41	78	18	80	81	121	122	38	10	11	22	13
157	3	5	6	15	24	25	6	57	104	121	122	20	21	11	12	13
157	4	5	6	15	6	27	28	79	89	9	10	11	12	13
157	5	5	6	39	86	104	78	121	122	9	10	11	22	13
157	6	5	24	25	6	121	122	20	21	11	12	13
157	7	5	6	39	27	28	40	51	52	80	81	9	10	74	12	13
157	8	5	6	15	16	6	79	89	9	10	74	12	13
157	9	14	39	75	76	77	78	79	80	81	82	83	38	10	11	22	13
157	10	59	6	15	103	6	57	78	121	122	38	10	111	22	30
158	0	16	17	94	24	25	75	76	77	42	129	97	9	21	111	12	4
158	1	14	6	15	63	86	78	129	82	83	97	38	21	111	22	13
158	2	14	6	86	78	129	97	9	21	111	22	13
158	3	14	6	16	63	39	86	78	129	97	20	21	111	22	13
158	4	59	24	25	63	97	20	21	11	22	13
158	5	14	6	24	25	16	131	17	6	39	40	90	82	83	20	21	11	22	13
158	6	59	6	15	24	25	63	86	78	129	97	20	21	111	22	13
158	7	59	6	63	86	78	129	97	9	21	11	22	13
158	8	5	6	39	18	48	96	97	38	10	11	12	13
158	9	14	63	78	79	129	97	20	21	11	22	13
158	10	59	6	63	78	82	83	132	9	10	111	22	13
158	11	14	6	15	63	86	78	129	82	83	97	38	21	111	22	13
158	12	14	6	86	78	129	97	9	21	111	22	13
158	13	14	6	16	63	39	86	78	129	97	20	21	111	22	13
158	14	14	6	86	78	129	97	9	21	111	22	13
158	15	14	6	86	78	129	97	9	21	111	22	13
158	16	14	6	86	78	129	97	9	21	111	22	13
158	17	14	6	15	63	86	78	129	82	83	97	38	21	111	22	13
158	18	59	6	63	78	82	83	132	9	10	111	22	13
158	19	59	6	63	78	82	83	132	9	10	111	22	13
158	20	59	6	63	78	82	83	132	9	10	111	22	13
158	21	59	6	63	78	82	83	132	9	10	111	22	13
158	22	59	6	63	78	82	83	132	9	10	111	22	13
158	23	59	6	63	78	82	83	132	9	10	111	22	13
158	24	59	6	63	78	82	83	132	9	10	111	22	13
158	25	59	6	63	78	82	83	132	9	10	111	22	13
158	26	59	6	63	78	82	83	132	9	10	111	22	13
158	27	59	6	63	78	82	83	132	9	10	111	22	13
158	28	14	63	78	79	129	97	20	21	11	22	13
158	29	14	63	78	79	129	97	20	21	11	22	30
159	0	16	17	94	24	25	75	76	77	42	129	97	9	21	111	12	4
159	1	14	6	15	63	86	78	129	82	83	97	38	21	111	22	13
159	2	14	6	86	78	129	97	9	21	111	22	13
159	3	14	63	78	79	129	97	20	21	11	22	13
159	4	14	6	86	78	129	97	9	21	111	22	13
159	5	14	6	86	78	129	97	9	21	111	22	30
160	0	16	17	94	24	25	75	76	77	42	129	97	9	21	111	12	4
160	1	14	6	15	63	86	78	129	82	83	97	38	21	111	22	13
160	2	14	6	86	78	129	97	9	21	111	22	30
161	0	16	17	94	24	25	75	76	77	42	129	97	9	21	111	12	4
161	1	14	6	15	63	86	78	129	82	83	97	38	21	111	22	13
161	2	14	6	86	78	129	97	9	21	111	22	30
162	0	44	63	32	35	68	41	54	55	0	56	65	64	4
162	1	5	49	15	54	31	53	32	26	7	35	50	33	41	47	55	0	56	65	64	13
162	2	5	31	44	32	7	33	93	55	38	1	2	3	30
163	0	53	66	44	63	106	50	68	27	28	41	85	54	130	75	79	110	9	10	2	64	4
163	1	5	15	16	6	63	27	28	79	96	9	10	11	12	126
163	2	5	6	15	6	27	28	79	89	9	10	11	12	13
163	3	14	15	31	6	63	27	28	40	79	9	10	2	12	30
164	0	66	94	35	76	77	95	48	38	10	74	3	4
164	1	5	57	32	7	27	28	79	48	38	10	74	3	13
164	2	14	15	46	44	6	26	50	27	28	40	62	41	47	8	48	38	10	2	3	13
164	3	14	6	15	44	33	36	112	47	48	38	1	2	3	30
165	0	51	52	20	10	65	3	4
165	1	5	6	51	52	42	43	20	10	74	12	123
165	2	5	6	51	52	42	43	20	10	74	12	13
165	3	14	49	15	46	6	32	26	7	35	50	27	28	33	41	51	52	47	37	38	1	2	3	123
165	4	14	6	15	24	25	57	36	47	37	38	56	2	12	123
165	5	14	15	54	53	44	26	35	33	36	47	71	37	0	56	65	3	13
165	6	59	15	54	53	44	84	32	26	35	27	28	33	41	85	71	37	0	56	2	64	123
165	7	14	15	54	53	44	26	35	33	36	47	71	37	0	56	65	3	30
166	0	14	16	66	17	94	131	27	28	69	79	73	110	20	21	2	12	4
166	1	5	15	16	6	63	27	28	79	96	9	10	11	12	13
166	2	5	6	15	6	27	28	79	89	9	10	11	12	13
166	3	5	6	15	16	6	76	77	79	89	9	21	111	22	30
167	0	27	28	24	25	51	52	93	20	21	2	3	4
167	1	14	15	6	32	27	28	33	112	58	51	52	93	55	9	10	2	3	13
167	2	14	6	15	27	28	40	36	47	93	153	9	10	2	3	13
167	3	5	15	31	44	57	32	7	27	28	33	36	47	93	55	38	1	2	3	30
168	0	94	35	49	27	28	24	25	69	75	76	77	8	38	10	2	3	4
168	1	59	6	24	25	16	17	63	27	28	8	19	9	10	11	12	13
168	2	14	23	68	15	6	41	47	8	19	38	10	2	12	30
169	0	16	17	94	24	25	75	76	77	42	129	97	9	21	111	12	4
169	1	14	6	15	63	86	78	129	82	83	97	38	21	111	22	13
169	2	14	6	86	78	129	97	9	21	111	22	13
169	3	14	6	86	78	129	97	9	21	111	22	13
169	4	14	6	86	78	129	97	9	21	111	22	13
169	5	14	6	86	78	129	97	9	21	111	22	13
169	6	14	6	86	78	129	97	9	21	111	22	13
169	7	14	6	86	78	129	97	9	21	111	22	128
169	8	14	6	15	63	86	78	129	82	83	97	38	21	111	22	13
169	9	14	63	78	79	129	97	20	21	11	22	118
169	10	14	6	15	63	86	78	129	82	83	97	38	21	111	22	13
169	11	14	6	86	78	129	97	9	21	111	22	30
170	0	44	94	63	50	27	28	112	76	77	42	96	0	10	11	3	4
170	1	5	15	16	6	63	27	28	79	96	9	10	11	12	13
170	2	5	15	44	6	26	50	27	28	41	47	96	38	1	74	3	13
170	3	5	15	44	27	28	47	96	38	10	74	3	13
170	4	5	15	6	63	27	28	48	96	9	10	74	12	13
170	5	14	15	46	44	26	36	47	79	96	9	10	74	3	13
170	6	5	15	16	6	63	27	28	79	96	9	10	11	12	13
170	7	14	15	46	44	6	27	28	62	58	51	52	47	48	96	9	10	74	3	13
170	8	14	15	44	6	27	28	62	47	96	9	10	74	3	30
171	0	44	72	20	21	11	12	4
171	1	14	80	81	20	21	11	12	13
171	2	14	24	25	32	7	79	8	20	21	11	12	13
171	3	14	24	25	44	6	27	28	62	47	8	96	20	21	11	12	13
171	4	14	6	15	44	39	27	28	62	36	47	37	20	21	11	12	30
172	0	66	44	63	7	35	27	28	55	48	0	1	65	64	4
172	1	14	15	46	44	6	26	50	27	28	40	62	41	47	8	48	38	10	2	3	105
172	2	59	6	15	24	25	16	17	63	27	28	8	19	9	21	11	22	13
172	3	59	68	15	6	40	41	114	8	9	10	74	12	123
172	4	14	23	68	15	6	41	47	8	19	38	10	2	12	13
172	5	5	6	6	57	32	7	27	28	34	8	38	10	74	12	30
173	0	16	94	75	76	77	129	9	21	111	12	4
173	1	15	44	47	96	20	21	11	12	13
173	2	14	6	103	6	63	39	112	76	77	78	79	82	83	9	10	11	22	118
173	3	15	44	47	96	20	21	11	12	13
173	4	59	6	140	141	20	21	11	12	30
174	0	67	27	28	24	25	76	77	51	52	121	122	9	10	11	12	4
174	1	59	6	106	107	108	15	16	17	6	40	76	77	86	80	81	121	122	20	21	11	22	13
174	2	5	6	15	24	25	6	57	104	121	122	20	21	11	12	13
174	3	14	39	75	76	77	78	79	80	81	82	83	38	10	11	22	30
175	0	94	76	77	8	38	10	74	3	4
175	1	14	23	68	15	6	41	47	8	19	38	10	2	12	123
175	2	5	15	31	6	57	32	27	28	71	8	38	1	2	12	13
175	3	59	15	6	7	27	28	8	38	1	2	12	123
175	4	5	31	44	32	26	7	35	27	28	62	33	41	34	8	0	1	2	3	13
175	5	14	6	46	44	26	27	28	33	8	38	1	65	3	13
175	6	5	15	31	53	44	84	32	26	7	27	28	62	33	41	85	58	34	8	61	0	56	65	64	13
175	7	5	31	44	32	26	7	35	27	28	62	33	41	34	8	0	1	2	3	30
176	0	44	63	7	35	27	28	54	76	77	91	38	1	2	64	4
176	1	59	92	63	42	91	20	21	11	12	13
176	2	5	15	54	31	53	6	32	26	7	35	27	28	33	58	34	38	1	2	3	13
176	3	14	15	46	44	6	32	26	7	27	28	33	47	48	38	1	2	3	30
177	0	44	94	63	32	35	112	41	70	93	55	38	1	65	3	4
177	1	5	31	44	32	7	33	93	55	38	1	2	3	13
177	2	5	6	15	24	25	63	39	93	114	20	21	11	12	13
177	3	5	15	6	93	34	9	10	74	12	13
177	4	5	54	31	6	32	26	35	55	38	1	74	12	13
177	5	5	49	15	54	31	53	32	26	7	35	50	33	41	47	55	0	56	65	64	30
178	0	94	35	24	25	8	38	10	2	3	4
178	1	14	23	68	15	6	41	47	8	19	38	10	2	12	13
178	2	59	6	15	24	25	16	131	17	18	8	19	20	21	11	22	13
178	3	14	6	27	28	8	19	9	10	74	12	13
178	4	59	68	15	6	40	41	114	8	9	10	74	12	13
178	5	59	6	24	25	16	17	63	27	28	8	19	9	10	11	12	13
178	6	59	6	15	24	25	16	17	39	40	8	19	20	21	11	22	13
178	7	59	24	25	67	32	7	27	28	71	109	114	8	20	21	11	12	13
178	8	59	15	6	27	28	40	8	19	9	10	74	12	13
178	9	14	6	8	19	9	10	74	12	123
178	10	14	23	68	15	6	41	47	8	19	38	10	2	12	13
178	11	14	23	68	15	6	41	47	8	19	38	10	2	12	13
178	12	14	23	68	15	6	41	47	8	19	38	10	2	12	30
179	0	53	66	44	94	50	27	28	95	96	38	10	74	3	4
179	1	14	15	46	44	26	36	47	79	96	9	10	74	3	13
179	2	14	15	44	6	26	50	27	28	47	96	38	10	74	3	13
179	3	14	23	106	107	108	15	6	27	28	51	52	96	38	10	74	3	13
179	4	14	15	44	6	26	50	27	28	47	96	38	10	74	3	13
179	5	14	23	106	107	108	15	6	27	28	51	52	96	38	10	74	3	13
179	6	14	15	44	6	26	50	27	28	47	96	38	10	74	3	30
180	0	44	94	63	50	27	28	112	76	77	42	96	0	10	11	3	4
180	1	5	119	9	10	74	12	128
180	2	14	6	15	63	27	28	47	104	119	120	20	21	11	12	30
181	0	51	52	20	10	65	3	4
181	1	5	6	51	52	42	43	20	10	74	12	13
181	2	14	15	6	32	27	28	33	112	58	51	52	93	55	9	10	2	3	30
182	0	53	44	63	50	68	27	28	41	36	54	55	0	1	2	64	4
182	1	5	49	15	54	31	53	32	26	7	35	50	33	41	47	55	0	56	65	64	118
182	2	5	49	15	54	31	53	32	26	7	35	50	33	41	47	55	0	56	65	64	124
182	3	14	6	24	25	6	42	100	101	55	9	10	11	12	13
182	4	5	31	35	71	55	38	1	74	3	105
182	5	5	15	31	7	35	33	71	55	38	1	74	12	13
182	6	5	31	57	32	33	58	55	0	1	2	12	13
182	7	59	6	92	6	32	40	55	9	10	11	12	126
182	8	5	31	57	32	7	33	55	38	1	2	12	13
182	9	59	15	54	44	6	32	27	28	33	58	47	55	9	10	2	3	30
183	0	53	44	63	50	68	27	28	41	36	54	55	0	1	2	64	4
183	1	5	49	15	54	31	53	32	26	7	35	50	33	41	47	55	0	56	65	64	13
183	2	14	15	6	32	27	28	33	112	58	51	52	93	55	9	10	2	3	13
183	3	5	31	57	32	7	33	55	38	1	2	12	13
183	4	5	15	31	44	57	32	7	27	28	33	36	47	93	55	38	1	2	3	13
183	5	5	31	32	26	7	35	40	33	58	55	38	1	2	3	13
183	6	5	31	44	32	7	33	93	55	38	1	2	3	13
183	7	5	49	15	54	31	53	32	26	7	27	28	33	55	0	56	2	3	30
184	0	51	52	20	10	65	3	4
184	1	5	6	51	52	42	43	20	10	74	12	13
184	2	59	68	24	25	6	41	51	52	101	9	10	2	12	13
184	3	14	15	44	32	26	7	35	27	28	33	36	51	52	47	18	37	38	1	65	3	13
184	4	14	23	106	107	108	15	6	27	28	51	52	96	38	10	74	3	13
184	5	59	6	15	16	6	27	28	113	51	52	48	89	20	10	74	12	13
184	6	14	15	46	44	32	51	52	47	104	37	9	10	2	3	13
184	7	14	49	15	46	6	32	26	7	35	50	27	28	33	41	51	52	47	37	38	1	2	3	13
184	8	5	6	51	52	42	43	20	10	74	12	30
185	0	66	94	63	49	27	28	112	79	96	9	10	11	3	4
185	1	5	15	16	6	63	27	28	79	96	9	10	11	12	13
185	2	5	6	15	63	39	79	90	9	10	11	22	13
185	3	5	6	15	16	6	79	89	9	10	74	12	30
186	0	51	52	20	10	65	3	4
186	1	5	6	51	52	42	43	20	10	74	12	123
186	2	59	6	6	39	43	9	10	74	22	30
187	0	51	52	20	10	65	3	4
187	1	5	6	51	52	42	43	20	10	74	12	13
187	2	14	15	46	44	32	51	52	47	104	37	9	10	2	3	13
187	3	14	49	15	46	6	32	26	7	35	50	27	28	33	41	51	52	47	37	38	1	2	3	13
187	4	14	15	44	32	26	7	35	27	28	33	36	51	52	47	18	37	38	1	65	3	13
187	5	14	23	106	107	108	15	6	27	28	51	52	96	38	10	74	3	13
187	6	14	15	6	32	27	28	33	112	58	51	52	93	55	9	10	2	3	13
187	7	5	15	6	26	27	28	51	52	145	38	10	74	12	13
187	8	14	57	51	52	101	154	38	10	11	22	30
188	0	51	52	20	10	65	3	4
188	1	5	6	51	52	42	43	20	10	74	12	123
188	2	59	6	6	39	43	9	10	74	22	30
189	0	51	52	20	10	65	3	4
189	1	5	6	51	52	42	43	20	10	74	12	123
189	2	59	6	6	39	43	9	10	74	22	30
190	0	14	94	63	7	50	76	77	96	20	21	11	12	4
190	1	5	15	16	6	63	27	28	79	96	9	10	11	12	124
190	2	14	15	46	44	26	36	47	79	96	9	10	74	3	118
190	3	14	15	46	44	26	36	47	79	96	9	10	74	3	118
190	4	5	6	15	16	17	113	78	79	82	83	9	10	11	22	30
191	0	35	114	9	10	11	3	4
191	1	59	68	15	6	40	41	114	8	9	10	74	12	123
191	2	14	23	68	15	6	41	47	8	19	38	10	2	12	118
191	3	59	24	25	67	32	7	27	28	71	109	114	8	20	21	11	12	118
191	4	5	15	54	31	71	114	38	1	2	12	30
192	0	8	20	21	11	12	4
192	1	5	6	15	16	17	63	27	28	8	19	20	21	11	12	126
192	2	15	27	28	8	19	20	21	11	12	30
193	0	16	63	112	36	51	52	134	95	79	93	9	10	2	3	4
193	1	59	15	6	63	79	93	89	9	10	11	12	13
193	2	5	6	15	16	6	79	89	9	10	74	12	30
194	0	17	94	68	76	77	8	9	10	11	12	4
194	1	59	68	15	6	40	41	114	8	9	10	74	12	123
194	2	59	68	15	6	40	41	114	8	9	10	74	12	123
194	3	14	23	68	15	6	41	47	8	19	38	10	2	12	13
194	4	59	15	6	26	27	28	18	8	38	10	74	12	13
194	5	59	15	6	26	27	28	18	8	38	10	74	12	124
194	6	14	23	68	15	6	41	47	8	19	38	10	2	12	30
195	0	131	106	24	25	130	51	52	153	110	20	21	2	12	4
195	1	59	106	107	108	6	67	39	18	42	153	20	21	74	22	13
195	2	59	6	15	24	25	16	17	39	40	8	19	20	21	11	22	13
195	3	14	6	24	25	16	131	17	6	39	40	90	82	83	20	21	11	22	13
195	4	59	6	15	16	6	27	28	113	51	52	48	89	20	10	74	12	13
195	5	59	6	106	107	108	15	6	67	27	28	89	20	21	11	12	13
195	6	14	6	15	27	28	40	36	47	93	153	9	10	2	3	13
195	7	5	6	24	25	17	6	75	78	79	90	20	21	11	22	13
195	8	59	6	15	24	25	16	131	17	18	8	19	20	21	11	22	13
195	9	14	23	6	106	107	108	15	16	131	17	6	39	27	28	113	41	109	90	20	21	74	12	13
195	10	14	15	131	6	26	27	28	51	52	96	20	21	11	12	13
195	11	59	6	15	24	25	16	17	39	40	8	19	20	21	11	22	30
196	0	14	16	66	44	17	94	131	67	68	27	28	24	25	102	73	20	21	2	12	4
196	1	59	15	54	53	44	27	28	36	47	102	38	1	2	3	124
196	2	5	15	31	6	27	28	102	38	10	2	12	30
197	0	17	94	68	76	77	8	9	10	11	12	4
197	1	59	68	15	6	40	41	114	8	9	10	74	12	105
197	2	59	6	15	24	25	16	17	63	27	28	8	19	9	21	11	22	123
197	3	59	6	24	25	16	17	63	27	28	8	19	9	10	11	12	13
197	4	59	15	6	27	28	40	8	19	9	10	74	12	13
197	5	14	23	68	15	6	41	47	8	19	38	10	2	12	13
197	6	14	6	27	28	8	19	9	10	74	12	105
197	7	59	6	15	24	25	16	17	63	27	28	8	19	9	21	11	22	123
197	8	59	6	24	25	16	17	63	27	28	8	19	9	10	11	12	123
197	9	14	6	27	28	8	19	9	10	74	12	105
197	10	59	6	15	24	25	16	17	63	27	28	8	19	9	21	11	22	105
197	11	59	6	15	24	25	16	17	63	27	28	8	19	9	21	11	22	105
197	12	59	6	15	24	25	16	17	63	27	28	8	19	9	21	11	22	13
197	13	59	6	15	24	25	16	131	17	18	8	19	20	21	11	22	13
197	14	59	92	6	8	9	10	11	22	13
197	15	5	16	17	39	19	9	10	11	22	13
197	16	59	6	15	24	25	16	17	39	40	8	19	20	21	11	22	30
198	0	17	94	68	76	77	8	9	10	11	12	4
198	1	59	68	15	6	40	41	114	8	9	10	74	12	123
198	2	14	23	68	15	6	41	47	8	19	38	10	2	12	30
199	0	53	44	63	32	35	49	50	27	28	112	24	25	51	52	93	9	1	65	64	4
199	1	14	15	6	32	27	28	33	112	58	51	52	93	55	9	10	2	3	13
199	2	5	15	31	6	32	26	7	27	28	93	38	1	2	3	13
199	3	5	15	31	44	57	32	7	27	28	33	36	47	93	55	38	1	2	3	13
199	4	5	6	15	24	25	63	39	93	114	20	21	11	12	30
200	0	0	1	2	3	4
200	1	14	31	6	32	26	7	27	28	33	34	0	1	2	3	13
200	2	59	15	54	53	44	32	26	7	35	33	34	60	61	0	1	2	3	13
200	3	5	49	15	54	31	53	32	26	7	27	28	33	55	0	56	2	3	30
201	0	49	27	28	24	25	51	52	143	155	9	10	11	3	4
201	1	59	15	24	25	6	51	52	155	9	10	74	12	13
201	2	14	6	24	25	6	42	100	101	55	9	10	11	12	13
201	3	5	6	39	27	28	40	51	52	80	81	9	10	74	12	13
201	4	5	6	143	9	21	11	12	30
202	0	16	66	94	27	28	113	76	77	51	52	70	121	122	9	10	11	12	4
202	1	59	6	106	107	108	15	16	17	6	40	76	77	86	80	81	121	122	20	21	11	22	13
202	2	59	6	15	103	6	57	78	121	122	38	10	111	22	13
202	3	5	6	15	24	25	6	57	104	121	122	20	21	11	12	13
202	4	59	6	15	103	6	57	78	121	122	38	10	111	22	13
202	5	5	24	25	6	121	122	20	21	11	12	30
203	0	16	66	94	27	28	113	76	77	51	52	70	121	122	9	10	11	12	4
203	1	59	6	106	107	108	15	16	17	6	40	76	77	86	80	81	121	122	20	21	11	22	13
203	2	5	24	25	6	121	122	20	21	11	12	30
204	0	16	66	94	27	28	113	76	77	51	52	70	121	122	9	10	11	12	4
204	1	59	6	106	107	108	15	16	17	6	40	76	77	86	80	81	121	122	20	21	11	22	13
204	2	5	6	39	86	104	78	121	122	9	10	11	22	13
204	3	5	6	15	16	6	79	89	9	10	74	12	30
205	0	67	49	68	27	28	41	76	77	51	52	79	121	122	9	10	74	3	4
205	1	59	6	15	92	16	17	6	41	78	18	80	81	121	122	38	10	11	22	13
205	2	59	6	15	103	6	57	78	121	122	38	10	111	22	30
206	0	44	94	63	50	27	28	112	76	77	42	96	0	10	11	3	4
206	1	5	15	16	6	63	27	28	79	96	9	10	11	12	13
206	2	5	15	44	6	26	50	27	28	41	47	96	38	1	74	3	13
206	3	5	15	6	63	27	28	48	96	9	10	74	12	30
207	0	16	35	114	9	10	74	3	4
207	1	59	68	15	6	40	41	114	8	9	10	74	12	13
207	2	59	15	7	114	9	10	74	12	13
207	3	59	6	32	40	114	9	10	74	12	13
207	4	14	106	107	108	68	15	46	44	6	67	32	50	27	28	62	41	58	47	114	9	10	2	3	30
208	0	53	44	125	63	7	35	49	50	68	27	28	41	85	54	93	0	56	65	64	4
208	1	5	15	31	44	57	32	7	27	28	33	36	47	93	55	38	1	2	3	13
208	2	5	6	15	31	6	32	7	27	28	62	93	9	10	74	12	13
208	3	5	15	31	6	32	26	7	27	28	93	38	1	2	3	13
208	4	14	15	6	32	27	28	33	112	58	51	52	93	55	9	10	2	3	13
208	5	59	63	27	28	18	93	156	9	10	74	12	13
208	6	5	31	44	32	7	33	93	55	38	1	2	3	13
208	7	5	54	31	6	32	7	79	93	9	10	74	12	13
208	8	14	15	27	28	93	38	1	2	3	13
208	9	5	31	44	32	7	33	93	55	38	1	2	3	30
209	0	14	53	67	68	27	28	40	24	25	41	8	9	21	74	3	4
209	1	59	6	15	24	25	16	17	63	27	28	8	19	9	21	11	22	123
209	2	59	6	24	25	16	17	63	27	28	8	19	9	10	11	12	123
209	3	14	6	27	28	8	19	9	10	74	12	13
209	4	59	15	6	39	27	28	41	8	9	10	74	12	30
210	0	94	67	35	40	113	24	25	85	93	109	20	21	11	12	4
210	1	5	6	15	24	25	63	39	93	114	20	21	11	12	13
210	2	14	6	15	27	28	40	36	47	93	153	9	10	2	3	13
210	3	5	15	31	6	32	26	7	27	28	93	38	1	2	3	13
210	4	59	93	132	20	21	11	12	13
210	5	14	15	27	28	93	38	1	2	3	105
210	6	66	15	115	116	63	39	40	117	93	9	10	74	22	124
210	7	14	6	15	75	76	77	78	117	109	38	10	74	22	30
211	0	24	25	60	20	21	11	12	4
211	1	59	15	54	53	44	32	26	7	35	33	34	60	61	0	1	2	3	126
211	2	59	49	54	44	32	26	7	27	28	33	71	34	61	38	1	74	3	118
211	3	59	49	54	44	32	26	7	27	28	33	71	34	61	38	1	74	3	128
211	4	59	63	34	137	9	21	11	12	30
212	0	53	44	63	50	96	38	10	74	64	4
212	1	14	15	46	44	26	36	47	79	96	9	10	74	3	13
212	2	14	23	106	107	108	68	15	46	44	6	67	26	27	28	41	96	38	1	74	3	30
213	0	53	44	125	63	7	35	49	50	68	27	28	41	85	54	93	0	56	65	64	4
213	1	5	15	31	44	57	32	7	27	28	33	36	47	93	55	38	1	2	3	13
213	2	5	6	15	31	6	32	7	27	28	62	93	9	10	74	12	13
213	3	14	15	27	28	93	38	1	2	3	30
214	0	53	44	125	63	7	35	49	50	68	27	28	41	85	54	93	0	56	65	64	4
214	1	5	15	31	44	57	32	7	27	28	33	36	47	93	55	38	1	2	3	13
214	2	14	15	27	28	93	38	1	2	3	30
215	0	16	94	76	77	18	129	97	9	144	111	22	4
215	1	14	6	15	63	86	78	129	82	83	97	38	21	111	22	13
215	2	14	6	16	63	39	86	78	129	97	20	21	111	22	13
215	3	59	6	15	24	25	63	86	78	129	97	20	21	111	22	13
215	4	59	24	25	63	97	20	21	11	22	13
215	5	14	63	78	79	129	97	20	21	11	22	13
215	6	5	6	39	18	48	96	97	38	10	11	12	13
215	7	14	6	103	6	63	39	112	76	77	78	79	82	83	9	10	11	22	30
216	0	51	52	20	10	65	3	4
216	1	5	6	51	52	42	43	20	10	74	12	13
216	2	14	15	6	32	27	28	33	112	58	51	52	93	55	9	10	2	3	13
216	3	14	15	44	32	26	7	35	27	28	33	36	51	52	47	18	37	38	1	65	3	13
216	4	14	49	15	46	6	32	26	7	35	50	27	28	33	41	51	52	47	37	38	1	2	3	30
217	0	16	94	75	76	77	129	9	21	111	12	4
217	1	14	6	15	63	86	78	129	82	83	97	38	21	111	22	13
217	2	59	6	16	17	6	39	78	79	82	83	20	21	111	22	13
217	3	5	6	15	16	17	113	78	79	82	83	9	10	11	22	13
217	4	14	39	75	76	77	78	79	80	81	82	83	38	10	11	22	30
218	0	24	25	51	52	8	9	10	74	12	4
218	1	14	6	27	28	8	19	9	10	74	12	128
218	2	59	6	15	24	25	16	17	63	27	28	8	19	9	21	11	22	123
218	3	59	6	24	25	16	17	63	27	28	8	19	9	10	11	12	118
218	4	59	6	15	24	25	16	17	39	40	8	19	20	21	11	22	123
218	5	59	6	15	24	25	16	17	63	27	28	8	19	9	21	11	22	123
218	6	59	6	24	25	16	17	63	27	28	8	19	9	10	11	12	123
218	7	14	6	27	28	8	19	9	10	74	12	123
218	8	14	23	68	15	6	41	47	8	19	38	10	2	12	123
218	9	5	15	31	6	57	32	27	28	71	8	38	1	2	12	123
218	10	5	31	44	32	26	7	35	27	28	62	33	41	34	8	0	1	2	3	30
219	0	17	94	68	76	77	8	9	10	11	12	4
219	1	59	68	15	6	40	41	114	8	9	10	74	12	13
219	2	5	15	8	19	9	10	11	12	30
220	0	51	52	20	10	65	3	4
220	1	5	6	51	52	42	43	20	10	74	12	13
220	2	14	15	46	44	32	51	52	47	104	37	9	10	2	3	13
220	3	14	23	106	107	108	15	6	27	28	51	52	96	38	10	74	3	13
220	4	5	15	6	26	27	28	51	52	145	38	10	74	12	13
220	5	14	49	15	46	6	32	26	7	35	50	27	28	33	41	51	52	47	37	38	1	2	3	30
221	0	35	49	76	77	138	38	10	2	3	4
221	1	14	47	138	38	10	74	12	13
221	2	59	15	138	9	10	11	12	123
221	3	14	47	138	38	10	74	12	30
222	0	35	49	76	77	138	38	10	2	3	4
222	1	14	47	138	38	10	74	12	13
222	2	59	104	138	9	21	111	12	13
222	3	59	6	92	138	9	10	11	22	13
222	4	59	6	15	138	9	10	11	12	13
222	5	14	7	104	138	9	10	11	12	30
223	0	66	17	94	63	76	77	42	43	99	38	10	74	3	4
223	1	14	6	16	17	27	28	99	9	10	74	12	13
223	2	5	6	51	52	42	43	20	10	74	12	13
223	3	5	6	24	25	16	17	6	42	43	9	21	74	12	30
224	0	17	94	68	76	77	8	9	10	11	12	4
224	1	59	68	15	6	40	41	114	8	9	10	74	12	13
224	2	5	6	16	17	8	19	9	21	11	22	30
225	0	66	44	63	7	35	50	54	55	0	1	65	64	4
225	1	5	49	15	54	31	53	32	26	7	35	50	33	41	47	55	0	56	65	64	13
225	2	5	31	44	32	7	33	93	55	38	1	2	3	13
225	3	5	15	31	7	35	33	71	55	38	1	74	12	30
226	0	35	49	36	51	52	70	93	55	8	9	10	65	3	4
226	1	14	15	6	32	27	28	33	112	58	51	52	93	55	9	10	2	3	13
226	2	5	15	31	44	57	32	7	27	28	33	36	47	93	55	38	1	2	3	105
226	3	5	15	6	93	34	9	10	74	12	30
227	0	35	49	36	51	52	70	93	55	8	9	10	65	3	4
227	1	59	68	15	6	40	41	114	8	9	10	74	12	123
227	2	14	23	68	15	6	41	47	8	19	38	10	2	12	13
227	3	14	6	15	46	54	6	40	41	47	114	38	10	74	12	13
227	4	59	15	6	26	27	28	18	8	38	10	74	12	30
228	0	94	35	24	25	8	38	10	2	3	4
228	1	14	23	68	15	6	41	47	8	19	38	10	2	12	128
228	2	14	23	68	15	6	41	47	8	19	38	10	2	12	128
228	3	59	6	15	24	25	16	17	63	27	28	8	19	9	21	11	22	123
228	4	59	6	24	25	16	17	63	27	28	8	19	9	10	11	12	118
228	5	59	6	15	24	25	16	17	39	40	8	19	20	21	11	22	30
229	0	94	35	24	25	8	38	10	2	3	4
229	1	14	23	68	15	6	41	47	8	19	38	10	2	12	123
229	2	5	15	31	6	57	32	27	28	71	8	38	1	2	12	123
229	3	5	31	44	32	26	7	35	27	28	62	33	41	34	8	0	1	2	3	105
229	4	5	6	6	57	32	7	27	28	34	8	38	10	74	12	13
229	5	5	6	16	17	8	19	9	21	11	22	13
229	6	59	6	15	24	25	16	17	39	40	8	19	20	21	11	22	123
229	7	59	6	15	24	25	16	17	63	27	28	8	19	9	21	11	22	123
229	8	59	6	24	25	16	17	63	27	28	8	19	9	10	11	12	123
229	9	14	6	27	28	8	19	9	10	74	12	123
229	10	14	23	68	15	6	41	47	8	19	38	10	2	12	13
229	11	5	6	6	57	32	7	27	28	34	8	38	10	74	12	13
229	12	5	31	6	57	32	39	27	28	40	62	8	38	1	74	12	13
229	13	14	6	15	24	25	6	63	27	28	8	9	10	2	12	13
229	14	59	15	6	27	28	8	9	10	2	12	13
229	15	59	15	6	26	27	28	18	8	38	10	74	12	13
229	16	59	68	15	6	39	27	28	40	41	8	38	10	74	12	13
229	17	14	23	68	15	6	41	47	8	19	38	10	2	12	30
230	0	14	53	67	68	27	28	40	24	25	41	8	9	21	74	3	4
230	1	59	6	15	24	25	16	17	63	27	28	8	19	9	21	11	22	123
230	2	59	6	24	25	16	17	63	27	28	8	19	9	10	11	12	123
230	3	14	6	27	28	8	19	9	10	74	12	30
231	0	35	49	36	51	52	70	93	55	8	9	10	65	3	4
231	1	14	15	6	32	27	28	33	112	58	51	52	93	55	9	10	2	3	13
231	2	5	15	31	44	57	32	7	27	28	33	36	47	93	55	38	1	2	3	13
231	3	5	15	8	19	9	10	11	12	13
231	4	59	15	6	27	28	40	8	19	9	10	74	12	13
231	5	59	68	15	6	40	41	114	8	9	10	74	12	30
232	0	66	44	63	7	35	50	54	55	0	1	65	64	4
232	1	5	49	15	54	31	53	32	26	7	35	50	33	41	47	55	0	56	65	64	13
232	2	5	31	57	32	33	58	55	0	1	2	12	13
232	3	5	49	15	54	31	53	32	26	7	27	28	33	55	0	56	2	3	30
233	0	0	1	2	3	4
233	1	14	31	6	32	26	7	27	28	33	34	0	1	2	3	13
233	2	14	15	46	44	6	32	26	7	27	28	33	47	48	38	1	2	3	13
233	3	5	31	44	32	26	7	35	27	28	62	33	41	34	8	0	1	2	3	13
233	4	5	15	54	31	53	6	32	26	7	35	27	28	33	58	34	38	1	2	3	30
234	0	66	44	63	7	35	50	68	62	41	36	54	55	38	1	2	64	4
234	1	5	49	15	54	31	53	32	26	7	35	50	33	41	47	55	0	56	65	64	13
234	2	5	31	32	26	7	35	40	33	58	55	38	1	2	3	30
235	0	94	76	77	8	38	10	74	3	4
235	1	14	23	68	15	6	41	47	8	19	38	10	2	12	13
235	2	59	6	15	24	25	16	17	63	27	28	8	19	9	21	11	22	30
236	0	67	35	24	25	41	130	114	145	9	21	74	12	4
236	1	59	15	6	32	7	8	145	9	10	74	12	13
236	2	59	24	25	67	32	7	27	28	71	109	114	8	20	21	11	12	118
236	3	5	15	54	31	71	114	38	1	2	12	30
237	0	53	44	63	50	96	38	10	74	64	4
237	1	14	15	46	44	26	36	47	79	96	9	10	74	3	13
237	2	5	15	44	6	26	50	27	28	41	47	96	38	1	74	3	30
238	0	51	52	20	10	65	3	4
238	1	5	6	51	52	42	43	20	10	74	12	123
238	2	59	6	6	39	43	9	10	74	22	126
238	3	59	15	6	27	28	48	43	9	10	11	12	30
239	0	14	16	66	17	94	131	27	28	69	79	73	110	20	21	2	12	4
239	1	5	15	16	6	63	27	28	79	96	9	10	11	12	13
239	2	5	6	15	63	39	79	90	9	10	11	22	128
239	3	5	15	16	6	63	27	28	79	96	9	10	11	12	105
239	4	5	6	15	63	39	79	90	9	10	11	22	30
240	0	51	52	20	10	65	3	4
240	1	5	6	51	52	42	43	20	10	74	12	123
240	2	59	6	6	39	43	9	10	74	22	123
240	3	14	6	39	27	28	40	41	42	43	0	1	2	12	123
240	4	5	6	51	52	42	43	20	10	74	12	13
240	5	14	15	6	32	27	28	33	112	58	51	52	93	55	9	10	2	3	124
240	6	5	15	6	93	34	9	10	74	12	30
241	0	36	72	9	10	74	3	4
241	1	59	6	6	40	87	88	9	10	74	12	123
241	2	59	6	6	40	87	88	9	10	74	12	118
241	3	59	6	6	113	85	71	71	87	9	10	74	12	30
242	0	67	27	28	24	25	76	77	51	52	121	122	9	10	11	12	4
242	1	59	6	106	107	108	15	16	17	6	40	76	77	86	80	81	121	122	20	21	11	22	123
242	2	59	6	15	92	16	17	6	41	78	18	80	81	121	122	38	10	11	22	13
242	3	14	39	75	76	77	78	79	80	81	82	83	38	10	11	22	30
243	0	66	94	63	49	27	28	112	79	96	9	10	11	3	4
243	1	5	15	16	6	63	27	28	79	96	9	10	11	12	13
243	2	5	6	15	6	27	28	79	89	9	10	11	12	13
243	3	5	6	15	16	6	79	89	9	10	74	12	13
243	4	14	15	6	18	79	89	9	10	11	12	13
243	5	5	6	15	63	39	79	90	9	10	11	22	13
243	6	14	15	46	44	26	36	47	79	96	9	10	74	3	13
243	7	5	6	15	63	39	79	90	9	10	11	22	124
243	8	5	15	16	6	63	27	28	79	96	9	10	11	12	13
243	9	5	6	15	63	39	79	90	9	10	11	22	13
243	10	14	15	6	18	79	89	9	10	11	12	30
244	0	53	44	63	50	68	27	28	41	36	54	55	0	1	2	64	4
244	1	5	49	15	54	31	53	32	26	7	35	50	33	41	47	55	0	56	65	64	105
244	2	5	54	31	6	32	26	35	55	38	1	74	12	30
245	0	53	44	63	50	68	27	28	41	36	54	55	0	1	2	64	4
245	1	5	49	15	54	31	53	32	26	7	35	50	33	41	47	55	0	56	65	64	13
245	2	59	15	54	44	6	32	27	28	33	58	47	55	9	10	2	3	13
245	3	14	15	6	32	27	28	33	112	58	51	52	93	55	9	10	2	3	13
245	4	5	54	31	6	32	26	35	55	38	1	74	12	13
245	5	5	49	15	54	31	53	32	26	7	27	28	33	55	0	56	2	3	13
245	6	5	31	57	32	33	58	55	0	1	2	12	13
245	7	5	31	57	32	7	33	55	38	1	2	12	13
245	8	5	15	31	44	57	32	7	27	28	33	36	47	93	55	38	1	2	3	13
245	9	5	31	44	32	7	33	93	55	38	1	2	3	13
245	10	5	31	32	26	7	35	40	33	58	55	38	1	2	3	30
246	0	94	63	7	106	112	36	79	9	1	2	3	4
246	1	14	15	46	44	26	36	47	79	96	9	10	74	3	105
246	2	5	15	16	6	63	27	28	79	96	9	10	11	12	13
246	3	5	6	24	25	17	6	75	78	79	90	20	21	11	22	30
247	0	17	94	68	76	77	8	9	10	11	12	4
247	1	59	68	15	6	40	41	114	8	9	10	74	12	123
247	2	14	23	68	15	6	41	47	8	19	38	10	2	12	30
248	0	17	94	68	76	77	8	9	10	11	12	4
248	1	59	68	15	6	40	41	114	8	9	10	74	12	123
248	2	14	23	68	15	6	41	47	8	19	38	10	2	12	30
249	0	17	94	68	76	77	8	9	10	11	12	4
249	1	59	68	15	6	40	41	114	8	9	10	74	12	123
249	2	14	23	68	15	6	41	47	8	19	38	10	2	12	30
250	0	53	44	125	63	7	35	49	50	68	27	28	41	85	54	93	0	56	65	64	4
250	1	5	15	31	44	57	32	7	27	28	33	36	47	93	55	38	1	2	3	123
250	2	5	31	57	32	33	58	55	0	1	2	12	30
251	0	44	125	94	63	32	35	49	68	27	28	112	69	76	77	147	148	9	10	2	3	4
251	1	14	6	63	32	7	27	28	42	148	9	10	74	12	13
251	2	14	149	6	63	32	7	27	28	148	20	21	11	12	13
251	3	14	6	63	32	7	27	28	42	148	9	10	74	12	13
251	4	14	149	6	63	32	7	27	28	148	20	21	11	12	30
252	0	17	94	68	76	77	8	9	10	11	12	4
252	1	59	68	15	6	40	41	114	8	9	10	74	12	13
252	2	5	6	16	17	8	19	9	21	11	22	13
252	3	5	15	8	19	9	10	11	12	13
252	4	14	23	68	15	6	41	47	8	19	38	10	2	12	13
252	5	14	6	8	19	9	10	74	12	13
252	6	59	6	15	16	17	63	27	28	8	19	9	10	11	12	13
252	7	14	6	27	28	8	19	9	10	74	12	13
252	8	59	15	6	27	28	40	8	19	9	10	74	12	13
252	9	14	6	16	17	8	19	9	21	11	22	30
253	0	53	66	44	94	50	27	28	95	96	38	10	74	3	4
253	1	14	15	46	44	26	36	47	79	96	9	10	74	3	123
253	2	5	16	17	63	78	79	38	10	74	22	123
253	3	5	15	44	27	28	36	47	79	38	1	74	12	30
