0	0	0	1	2	3	4	5	6	7	8	9	10	11	12
0	1	13	14	15	0	16	17	18	19	20	21	22	23	24	8	9	10	11	25
0	2	14	26	2	18	27	6	28	29	30	9	10	31	25
0	3	14	26	2	18	27	6	28	29	30	9	10	31	32
1	0	0	1	2	3	4	5	6	7	8	9	10	11	12
1	1	13	14	15	0	16	17	18	19	20	21	22	23	24	8	9	10	11	33
1	2	13	14	15	0	16	17	18	19	20	21	22	23	24	8	9	10	11	33
1	3	34	35	2	36	37	24	23	38	39	40	41	32
2	0	0	1	2	3	4	5	6	7	8	9	10	11	12
2	1	13	14	15	0	16	17	18	19	20	21	22	23	24	8	9	10	11	25
2	2	34	16	18	6	42	8	9	10	11	25
2	3	34	16	18	6	42	8	9	10	11	25
2	4	13	2	43	36	44	45	42	24	38	46	40	41	25
2	5	13	2	43	36	44	45	42	24	38	46	40	41	47
2	6	13	2	43	36	44	45	42	24	38	46	40	41	47
2	7	34	35	2	36	37	24	23	38	39	40	41	25
2	8	13	43	42	30	39	48	41	25
2	9	13	43	42	30	39	48	41	25
2	10	13	35	49	36	44	24	38	39	40	41	25
2	11	13	35	49	36	44	24	38	39	40	41	32
3	0	0	1	2	3	4	5	6	7	8	9	10	11	12
3	1	13	14	15	0	16	17	18	19	20	21	22	23	24	8	9	10	11	25
3	2	13	2	43	36	44	45	42	24	38	46	40	41	25
3	3	13	2	43	36	44	45	42	24	38	46	40	41	25
3	4	14	26	2	18	27	6	28	29	30	9	10	31	25
3	5	14	26	2	18	27	6	28	29	30	9	10	31	25
3	6	34	35	2	36	37	24	23	38	39	40	41	25
3	7	34	35	2	36	37	24	23	38	39	40	41	32
4	0	0	1	2	3	4	5	6	7	8	9	10	11	12
4	1	13	14	15	0	16	17	18	19	20	21	22	23	24	8	9	10	11	25
4	2	50	14	51	16	2	17	18	19	52	53	21	54	55	30	9	10	11	25
4	3	50	14	51	16	2	17	18	19	52	53	21	54	55	30	9	10	11	25
4	4	13	14	15	0	16	17	18	19	20	21	22	23	24	8	9	10	11	25
4	5	13	14	15	0	16	17	18	19	20	21	22	23	24	8	9	10	11	47
4	6	13	14	15	0	16	17	18	19	20	21	22	23	24	8	9	10	11	47
4	7	34	14	26	0	16	49	17	18	19	52	53	27	21	6	56	57	22	58	24	8	59	60	61	33
4	8	34	14	26	0	16	49	17	18	19	52	53	27	21	6	56	57	22	58	24	8	59	60	61	33
4	9	13	14	15	0	16	17	18	19	20	21	22	23	24	8	9	10	11	33
4	10	13	14	15	0	16	17	18	19	20	21	22	23	24	8	9	10	11	33
4	11	34	35	2	36	37	24	23	38	39	40	41	32
5	0	0	1	2	3	4	5	6	7	8	9	10	11	12
5	1	13	14	15	0	16	17	18	19	20	21	22	23	24	8	9	10	11	47
5	2	13	14	15	0	16	17	18	19	20	21	22	23	24	8	9	10	11	47
5	3	34	14	26	0	16	49	17	18	19	52	53	27	21	6	56	57	22	58	24	8	59	60	61	62
5	4	34	14	26	0	16	49	17	18	19	52	53	27	21	6	56	57	22	58	24	8	59	60	61	62
5	5	34	14	26	0	16	49	17	18	19	52	53	27	21	6	56	57	22	58	24	8	59	60	61	63
5	6	34	14	26	0	16	49	17	18	19	52	53	27	21	6	56	57	22	58	24	8	59	60	61	63
5	7	34	14	26	0	16	49	17	18	19	52	53	27	21	6	56	57	22	58	24	8	59	60	61	33
5	8	34	14	26	0	16	49	17	18	19	52	53	27	21	6	56	57	22	58	24	8	59	60	61	33
5	9	13	14	15	0	16	17	18	19	20	21	22	23	24	8	9	10	11	33
5	10	13	14	15	0	16	17	18	19	20	21	22	23	24	8	9	10	11	33
5	11	34	35	2	36	37	24	23	38	39	40	41	25
5	12	13	2	43	36	44	45	42	24	38	46	40	41	25
5	13	13	2	43	36	44	45	42	24	38	46	40	41	25
5	14	34	35	2	36	37	24	23	38	39	40	41	25
5	15	34	35	2	36	37	24	23	38	39	40	41	32
6	0	0	1	2	3	4	5	6	7	8	9	10	11	12
6	1	13	14	15	0	16	17	18	19	20	21	22	23	24	8	9	10	11	47
6	2	34	14	26	0	16	49	17	18	19	52	53	27	21	6	56	57	22	58	24	8	59	60	61	25
6	3	50	64	14	15	0	16	17	18	19	20	65	52	53	21	6	54	22	8	59	60	61	25
6	4	34	64	14	15	26	0	2	17	18	19	20	52	53	21	6	56	22	8	59	10	61	25
6	5	13	14	15	0	16	17	18	20	65	52	53	21	6	22	8	59	60	61	33
6	6	34	2	17	19	52	53	22	66	38	39	10	31	32
7	0	0	1	2	3	53	65	4	6	67	68	69	70	71	30	39	48	11	12
7	1	34	2	14	72	73	52	53	74	71	38	39	48	31	25
7	2	50	2	72	73	52	53	75	38	39	48	31	25
7	3	34	14	26	2	52	53	76	30	39	10	31	25
7	4	13	2	2	77	56	37	37	78	38	39	48	31	25
7	5	13	2	14	2	52	53	79	57	37	80	38	39	48	31	25
7	6	13	14	15	0	16	52	53	81	54	76	30	9	10	11	25
7	7	13	43	2	36	37	76	82	66	30	39	48	31	25
7	8	34	15	83	37	76	30	9	10	11	32
8	0	1	73	2	84	85	4	6	70	58	38	39	40	31	12
8	1	13	4	14	2	79	6	86	58	38	39	48	31	25
8	2	50	87	4	14	2	6	54	58	74	30	39	10	31	25
8	3	50	2	52	53	58	74	38	39	48	31	25
8	4	34	14	58	74	38	39	40	31	25
8	5	50	2	72	73	58	74	38	46	40	41	32
9	0	0	1	2	3	4	5	6	7	8	9	10	11	12
9	1	13	14	15	0	16	17	18	19	20	21	22	23	24	8	9	10	11	47
9	2	34	14	26	0	16	49	17	18	19	52	53	27	21	6	56	57	22	58	24	8	59	60	61	32
10	0	0	1	16	2	3	17	53	65	88	4	6	67	68	69	71	89	8	59	10	11	12
10	1	34	26	17	19	21	55	71	30	9	10	11	25
10	2	50	90	70	91	4	14	51	16	2	92	17	65	52	53	27	6	57	54	86	38	39	10	11	25
10	3	34	14	26	0	16	49	17	18	19	52	53	27	21	6	56	57	22	58	24	8	59	60	61	32
11	0	0	1	16	2	3	17	53	65	88	4	6	67	68	69	71	89	8	59	10	11	12
11	1	34	26	17	19	21	55	71	30	9	10	11	25
11	2	34	2	14	72	73	52	53	74	71	38	39	48	31	47
11	3	50	87	4	14	2	6	54	58	74	30	39	10	31	47
11	4	34	14	26	2	83	17	52	53	37	58	30	9	10	31	47
11	5	34	26	16	17	18	19	20	52	53	27	21	6	22	58	8	9	10	11	47
11	6	34	14	26	0	16	49	17	18	19	52	53	27	21	6	56	57	22	58	24	8	59	60	61	63
11	7	13	14	15	0	16	17	18	19	20	21	22	23	24	8	9	10	11	32
12	0	0	1	16	2	3	17	53	65	88	4	6	67	68	69	71	89	8	59	10	11	12
12	1	34	26	17	19	21	55	71	30	9	10	11	25
12	2	50	64	14	15	0	16	17	18	19	20	65	52	53	21	6	54	22	8	59	60	61	25
12	3	34	26	17	19	21	55	71	30	9	10	11	25
12	4	50	90	70	91	4	14	51	16	2	92	17	65	52	53	27	6	57	54	86	38	39	10	11	25
12	5	34	2	14	72	73	52	53	74	71	38	39	48	31	25
12	6	13	14	15	0	16	17	18	20	65	52	53	21	6	22	8	59	60	61	32
13	0	72	1	2	3	93	53	94	95	96	30	9	10	31	12
13	1	34	14	72	2	93	52	53	97	96	38	39	40	31	25
13	2	50	87	90	70	91	14	2	52	53	98	99	96	30	39	48	11	32
14	0	0	1	2	3	4	5	6	7	8	9	10	11	12
14	1	13	14	15	0	16	17	18	19	20	21	22	23	24	8	9	10	11	47
14	2	34	14	26	0	16	49	17	18	19	52	53	27	21	6	56	57	22	58	24	8	59	60	61	33
14	3	13	14	15	0	16	17	18	19	20	21	22	23	24	8	9	10	11	33
14	4	34	35	2	36	37	24	23	38	39	40	41	32
15	0	0	1	2	3	4	5	6	7	8	9	10	11	12
15	1	13	14	15	0	16	17	18	19	20	21	22	23	24	8	9	10	11	33
15	2	34	35	2	36	37	24	23	38	39	40	41	32
16	0	0	1	2	3	4	5	6	7	8	9	10	11	12
16	1	13	14	15	0	16	17	18	19	20	21	22	23	24	8	9	10	11	47
16	2	34	14	26	0	16	49	17	18	19	52	53	27	21	6	56	57	22	58	24	8	59	60	61	62
16	3	34	14	26	0	16	49	17	18	19	52	53	27	21	6	56	57	22	58	24	8	59	60	61	100
16	4	34	14	26	0	16	49	17	18	19	52	53	27	21	6	56	57	22	58	24	8	59	60	61	101
16	5	34	2	2	83	17	19	52	53	22	58	30	39	48	31	33
16	6	13	2	14	102	103	72	73	93	52	53	58	74	38	46	40	41	33
16	7	34	14	26	0	16	49	17	18	19	52	53	27	21	6	56	57	22	58	24	8	59	60	61	33
16	8	13	14	15	0	16	17	18	19	20	21	22	23	24	8	9	10	11	33
16	9	34	35	2	36	37	24	23	38	39	40	41	33
16	10	34	35	2	36	37	24	23	38	39	40	41	25
16	11	13	2	43	36	44	45	42	24	38	46	40	41	32
17	0	0	1	2	3	4	5	6	7	8	9	10	11	12
17	1	13	14	15	0	16	17	18	19	20	21	22	23	24	8	9	10	11	47
17	2	34	14	26	0	16	49	17	18	19	52	53	27	21	6	56	57	22	58	24	8	59	60	61	25
17	3	13	14	15	0	16	17	18	20	65	52	53	21	6	22	8	59	60	61	25
17	4	34	64	14	15	26	0	2	17	18	19	20	52	53	21	6	56	22	8	59	10	61	25
17	5	50	64	14	15	0	16	17	18	19	20	65	52	53	21	6	54	22	8	59	60	61	33
17	6	34	2	17	19	52	53	22	66	38	39	10	31	32
18	0	0	1	2	3	4	5	6	7	8	9	10	11	12
18	1	13	14	15	0	16	17	18	19	20	21	22	23	24	8	9	10	11	25
18	2	34	35	2	36	37	24	23	38	39	40	41	32
19	0	0	1	2	3	4	5	6	7	8	9	10	11	12
19	1	13	14	15	0	16	17	18	19	20	21	22	23	24	8	9	10	11	47
19	2	34	14	26	0	16	49	17	18	19	52	53	27	21	6	56	57	22	58	24	8	59	60	61	25
19	3	50	64	14	15	0	16	17	18	19	20	65	52	53	21	6	54	22	8	59	60	61	33
19	4	34	2	17	19	52	53	22	66	38	39	10	31	32
20	0	0	1	2	3	4	5	6	7	8	9	10	11	12
20	1	13	14	15	0	16	17	18	19	20	21	22	23	24	8	9	10	11	33
20	2	34	35	2	36	37	24	23	38	39	40	41	100
20	3	34	35	2	36	37	24	23	38	39	40	41	47
20	4	13	14	15	0	16	17	18	19	20	21	22	23	24	8	9	10	11	32
21	0	0	1	2	3	4	5	6	7	8	9	10	11	12
21	1	13	14	15	0	16	17	18	19	20	21	22	23	24	8	9	10	11	33
21	2	34	35	2	36	37	24	23	38	39	40	41	62
21	3	34	35	2	36	37	24	23	38	39	40	41	101
21	4	34	35	2	36	37	24	23	38	39	40	41	63
21	5	13	14	15	0	16	17	18	19	20	21	22	23	24	8	9	10	11	32
22	0	0	1	2	3	4	5	6	7	8	9	10	11	12
22	1	13	14	15	0	16	17	18	19	20	21	22	23	24	8	9	10	11	33
22	2	34	35	2	36	37	24	23	38	39	40	41	32
23	0	0	1	2	3	53	65	4	6	67	68	69	70	71	30	39	48	11	12
23	1	34	2	14	72	73	52	53	74	71	38	39	48	31	25
23	2	50	2	72	73	52	53	75	38	39	48	31	32
24	0	0	1	2	3	4	5	6	7	8	9	10	11	12
24	1	13	14	15	0	16	17	18	19	20	21	22	23	24	8	9	10	11	25
24	2	34	14	26	0	16	49	17	18	19	52	53	27	21	6	56	57	22	58	24	8	59	60	61	25
24	3	13	14	15	0	16	17	18	19	20	21	22	23	24	8	9	10	11	33
24	4	34	35	2	36	37	24	23	38	39	40	41	32
25	0	1	2	53	88	58	30	39	48	11	12
25	1	50	2	52	53	58	74	38	39	48	31	47
25	2	50	87	4	14	2	6	54	58	74	30	39	10	31	25
25	3	34	26	2	83	17	36	52	53	79	27	58	30	9	48	31	25
25	4	50	87	4	14	2	6	54	58	74	30	39	10	31	47
25	5	34	14	26	2	83	17	52	53	37	58	30	9	10	31	32
26	0	0	1	16	2	3	17	53	65	88	4	6	67	68	69	71	89	8	59	10	11	12
26	1	13	14	15	0	16	17	18	20	65	52	53	21	6	22	8	59	60	61	33
26	2	34	2	17	19	52	53	22	66	38	39	10	31	25
26	3	34	26	16	17	18	19	20	52	53	27	21	6	22	58	8	9	10	11	32
27	0	1	1	53	79	6	104	58	38	39	48	31	12
27	1	13	14	2	52	53	79	58	74	38	39	48	31	25
27	2	13	2	102	103	72	73	93	52	53	58	74	38	39	40	31	25
27	3	50	2	52	53	58	74	38	39	48	31	32
28	0	0	1	16	2	3	17	53	65	88	4	6	67	68	69	71	89	8	59	10	11	12
28	1	34	26	17	19	21	55	71	30	9	10	11	25
28	2	34	14	26	0	16	17	18	52	53	54	22	8	9	10	11	25
28	3	34	26	16	17	18	19	20	52	53	27	21	6	22	58	8	9	10	11	25
28	4	34	64	14	15	26	0	17	18	19	52	53	21	105	8	59	10	11	25
28	5	13	14	15	0	16	17	18	20	65	52	53	21	6	22	8	59	60	61	32
29	0	0	1	2	3	4	5	6	7	8	9	10	11	12
29	1	13	14	15	0	16	17	18	19	20	21	22	23	24	8	9	10	11	47
29	2	34	14	26	0	16	49	17	18	19	52	53	27	21	6	56	57	22	58	24	8	59	60	61	63
29	3	34	14	26	0	16	49	17	18	19	52	53	27	21	6	56	57	22	58	24	8	59	60	61	100
29	4	34	2	2	83	17	19	52	53	22	58	30	39	48	31	32
30	0	2	84	85	36	106	38	46	107	41	12
30	1	34	2	14	72	2	108	109	97	106	38	46	110	41	47
30	2	34	2	14	72	2	97	106	38	39	48	31	32
31	0	0	1	2	3	4	5	6	7	8	9	10	11	12
31	1	13	14	15	0	16	17	18	19	20	21	22	23	24	8	9	10	11	33
31	2	34	35	2	36	37	24	23	38	39	40	41	62
31	3	13	14	15	0	16	17	18	19	20	21	22	23	24	8	9	10	11	62
31	4	13	93	22	111	38	46	40	31	62
31	5	13	93	22	111	38	46	40	31	100
31	6	13	111	38	46	40	41	32
32	0	0	1	2	3	4	5	6	7	8	9	10	11	12
32	1	13	14	15	0	16	17	18	19	20	21	22	23	24	8	9	10	11	33
32	2	34	35	2	36	37	24	23	38	39	40	41	62
32	3	13	14	15	0	16	17	18	19	20	21	22	23	24	8	9	10	11	62
32	4	13	93	22	111	38	46	40	31	32
33	0	1	16	65	4	6	95	30	39	10	11	12
33	1	50	36	44	108	109	112	97	113	114	115	116	30	39	40	41	25
33	2	50	14	16	2	18	65	52	53	54	96	30	39	48	11	32
34	0	1	16	2	3	19	53	4	102	21	6	94	117	118	30	9	10	11	12
34	1	34	14	26	16	83	17	19	52	53	21	81	54	118	105	30	9	10	11	25
34	2	50	2	14	52	53	79	81	54	118	119	38	39	10	11	25
34	3	34	14	26	16	83	17	19	52	53	21	81	54	118	105	30	9	10	11	25
34	4	13	93	52	53	117	118	120	38	39	48	31	25
34	5	34	15	26	2	17	19	97	118	38	39	48	31	25
34	6	34	2	14	26	2	17	19	52	53	27	118	38	39	48	31	25
34	7	34	2	17	21	97	118	38	39	48	31	32
35	0	0	1	3	88	6	67	68	69	37	71	89	8	9	10	11	12
35	1	34	26	17	19	21	55	71	30	9	10	11	25
35	2	34	2	14	72	73	52	53	74	71	38	39	48	31	32
36	0	0	1	2	3	53	65	4	6	67	68	69	70	71	30	39	48	11	12
36	1	34	2	14	72	73	52	53	74	71	38	39	48	31	25
36	2	13	2	14	2	52	53	79	57	37	80	38	39	48	31	25
36	3	13	43	2	36	37	76	82	66	30	39	48	31	25
36	4	34	26	17	19	21	55	71	30	9	10	11	25
36	5	13	2	2	79	78	121	38	39	48	31	25
36	6	34	14	26	2	52	53	76	30	39	10	31	32
37	0	0	1	2	3	4	5	6	7	8	9	10	11	12
37	1	13	14	15	0	16	17	18	19	20	21	22	23	24	8	9	10	11	33
37	2	34	35	2	36	37	24	23	38	39	40	41	32
38	0	0	1	2	3	4	5	6	7	8	9	10	11	12
38	1	13	14	15	0	16	17	18	19	20	21	22	23	24	8	9	10	11	33
38	2	34	35	2	36	37	24	23	38	39	40	41	63
38	3	13	14	15	0	16	17	18	19	20	21	22	23	24	8	9	10	11	32
39	0	0	1	2	3	4	5	6	7	8	9	10	11	12
39	1	13	14	15	0	16	17	18	19	20	21	22	23	24	8	9	10	11	47
39	2	34	14	26	0	16	49	17	18	19	52	53	27	21	6	56	57	22	58	24	8	59	60	61	100
39	3	34	2	2	83	17	19	52	53	22	58	30	39	48	31	32
40	0	0	1	2	3	4	5	6	7	8	9	10	11	12
40	1	13	14	15	0	16	17	18	19	20	21	22	23	24	8	9	10	11	33
40	2	34	35	2	36	37	24	23	38	39	40	41	25
40	3	13	2	43	36	44	45	42	24	38	46	40	41	62
40	4	13	2	102	103	45	122	30	46	110	41	32
41	0	1	2	3	53	65	77	6	23	8	9	48	11	12
41	1	13	14	15	0	16	17	18	19	20	21	22	23	24	8	9	10	11	25
41	2	50	23	30	39	48	31	47
41	3	13	14	15	0	16	17	18	19	20	21	22	23	24	8	9	10	11	32
42	0	2	84	85	36	106	38	46	107	41	12
42	1	34	2	14	72	2	108	109	97	106	38	46	110	41	25
42	2	13	2	14	72	73	108	109	106	38	46	110	31	25
42	3	34	2	14	72	2	97	106	38	39	48	31	25
42	4	13	14	2	93	97	118	106	38	39	40	31	25
42	5	13	2	14	72	73	108	109	106	38	46	110	31	25
42	6	13	14	2	93	97	118	106	38	39	40	31	25
42	7	34	2	14	72	2	97	106	38	39	48	31	100
42	8	34	2	14	72	2	108	109	97	106	38	46	110	41	25
42	9	34	2	14	72	2	97	106	38	39	48	31	63
42	10	34	2	14	72	2	108	109	97	106	38	46	110	41	25
42	11	34	2	14	72	2	97	106	38	39	48	31	25
42	12	13	2	14	72	73	108	109	106	38	46	110	31	32
43	0	0	1	2	3	53	65	4	6	67	68	69	70	71	30	39	48	11	12
43	1	34	2	14	72	73	52	53	74	71	38	39	48	31	47
43	2	50	87	4	14	2	6	54	58	74	30	39	10	31	32
44	0	0	1	2	3	4	5	6	7	8	9	10	11	12
44	1	13	14	15	0	16	17	18	19	20	21	22	23	24	8	9	10	11	62
44	2	13	93	22	111	38	46	40	31	63
44	3	13	14	15	0	16	17	18	19	20	21	22	23	24	8	9	10	11	25
44	4	13	111	38	46	40	41	47
44	5	13	14	15	0	16	17	18	19	20	21	22	23	24	8	9	10	11	25
44	6	13	2	79	22	38	39	40	31	47
44	7	34	2	17	19	52	53	22	66	38	39	10	31	32
45	0	0	1	2	3	53	65	4	6	67	68	69	70	71	30	39	48	11	12
45	1	34	2	14	72	73	52	53	74	71	38	39	48	31	33
45	2	13	2	14	102	103	72	73	93	52	53	58	74	38	46	40	41	47
45	3	13	2	102	103	72	73	93	52	53	58	74	38	39	40	31	47
45	4	50	2	52	53	58	74	38	39	48	31	47
45	5	50	87	4	14	2	6	54	58	74	30	39	10	31	32
46	0	0	1	2	3	4	5	6	7	8	9	10	11	12
46	1	13	14	15	0	16	17	18	19	20	21	22	23	24	8	9	10	11	47
46	2	34	14	26	0	16	49	17	18	19	52	53	27	21	6	56	57	22	58	24	8	59	60	61	62
46	3	13	2	14	102	103	72	73	93	52	53	58	74	38	46	40	41	32
47	0	0	1	2	3	4	5	6	7	8	9	10	11	12
47	1	13	14	15	0	16	17	18	19	20	21	22	23	24	8	9	10	11	33
47	2	34	35	2	36	37	24	23	38	39	40	41	62
47	3	13	14	15	0	16	17	18	19	20	21	22	23	24	8	9	10	11	33
47	4	34	35	2	36	37	24	23	38	39	40	41	100
47	5	34	35	2	36	37	24	23	38	39	40	41	101
47	6	13	14	15	0	16	17	18	19	20	21	22	23	24	8	9	10	11	33
47	7	34	35	2	36	37	24	23	38	39	40	41	33
47	8	34	35	2	36	37	24	23	38	39	40	41	25
47	9	13	2	43	36	44	45	42	24	38	46	40	41	32
48	0	0	1	3	53	4	79	123	71	30	9	10	11	12
48	1	34	26	17	19	21	55	71	30	9	10	11	33
48	2	34	14	81	55	38	46	40	41	32
49	0	0	1	2	3	4	5	6	7	8	9	10	11	12
49	1	13	14	15	0	16	17	18	19	20	21	22	23	24	8	9	10	11	33
49	2	34	35	2	36	37	24	23	38	39	40	41	32
50	0	0	1	2	3	53	65	4	6	67	68	69	70	71	30	39	48	11	12
50	1	34	2	14	72	73	52	53	74	71	38	39	48	31	63
50	2	34	2	14	72	73	52	53	74	71	38	39	48	31	25
50	3	50	2	72	73	52	53	75	38	39	48	31	25
50	4	13	2	2	77	56	37	37	78	38	39	48	31	32
51	0	0	1	2	3	4	5	6	7	8	9	10	11	12
51	1	13	14	15	0	16	17	18	19	20	21	22	23	24	8	9	10	11	33
51	2	34	35	2	36	37	24	23	38	39	40	41	32
52	0	72	26	1	2	53	77	5	99	124	30	9	48	31	12
52	1	50	87	2	14	102	103	2	52	53	125	124	38	39	48	31	25
52	2	50	2	14	2	52	53	124	38	39	48	31	25
52	3	13	14	2	52	53	124	126	46	48	31	25
52	4	50	87	2	14	102	103	2	52	53	125	124	38	39	48	31	25
52	5	50	2	14	2	52	53	124	38	39	48	31	25
52	6	50	87	2	14	102	103	2	18	52	53	117	124	38	39	40	31	25
52	7	50	2	14	18	52	53	79	81	54	124	38	39	10	31	25
52	8	34	2	14	2	124	38	39	48	31	25
52	9	50	14	102	103	2	124	38	39	48	31	25
52	10	50	2	14	2	52	53	125	124	38	39	40	31	25
52	11	13	14	2	52	53	124	126	46	48	31	25
52	12	50	87	2	14	102	103	2	52	53	125	124	38	39	48	31	47
52	13	50	2	14	18	52	53	79	81	54	124	38	39	10	31	62
52	14	50	87	2	14	102	103	2	18	52	53	117	124	38	39	40	31	100
52	15	50	2	72	2	36	44	108	109	124	38	39	110	41	47
52	16	50	2	14	18	52	53	79	81	54	124	38	39	10	31	25
52	17	50	2	14	2	52	53	125	124	38	39	40	31	32
53	0	0	1	2	3	53	65	4	6	67	68	69	70	71	30	39	48	11	12
53	1	34	2	14	72	73	52	53	74	71	38	39	48	31	25
53	2	13	43	2	36	37	76	82	66	30	39	48	31	25
53	3	13	14	15	0	16	52	53	81	54	76	30	9	10	11	25
53	4	50	2	14	51	27	54	76	30	39	48	31	25
53	5	13	2	2	79	78	121	38	39	48	31	32
54	0	0	1	2	3	4	5	6	7	8	9	10	11	12
54	1	13	14	15	0	16	17	18	19	20	21	22	23	24	8	9	10	11	33
54	2	34	35	2	36	37	24	23	38	39	40	41	32
55	0	0	1	2	3	4	5	6	7	8	9	10	11	12
55	1	13	14	15	0	16	17	18	19	20	21	22	23	24	8	9	10	11	47
55	2	34	14	26	0	16	49	17	18	19	52	53	27	21	6	56	57	22	58	24	8	59	60	61	32
56	0	0	1	2	3	4	5	6	7	8	9	10	11	12
56	1	13	14	15	0	16	17	18	19	20	21	22	23	24	8	9	10	11	100
56	2	13	14	15	0	16	17	18	19	20	21	22	23	24	8	9	10	11	33
56	3	34	35	2	36	37	24	23	38	39	40	41	63
56	4	13	14	15	0	16	17	18	19	20	21	22	23	24	8	9	10	11	25
56	5	13	64	15	16	17	18	19	52	53	21	37	22	24	30	9	48	11	32
57	0	1	53	70	86	127	126	46	48	31	12
57	1	13	4	14	2	79	6	86	58	38	39	48	31	33
57	2	13	4	14	2	79	6	86	58	38	39	48	31	25
57	3	13	2	17	79	86	38	39	48	31	100
57	4	13	4	14	2	79	6	86	58	38	39	48	31	25
57	5	50	2	14	20	79	81	86	38	39	48	31	25
57	6	50	4	51	2	92	17	52	53	79	98	99	86	38	39	48	31	25
57	7	50	90	70	91	4	14	51	16	2	92	17	65	52	53	27	6	57	54	86	38	39	10	11	25
57	8	34	14	17	19	20	52	53	37	86	30	9	48	31	32
58	0	1	16	2	3	84	85	65	4	79	6	67	68	69	112	123	30	39	10	11	12
58	1	13	2	14	43	72	73	2	6	112	117	113	114	128	129	30	39	40	41	25
58	2	34	2	36	52	53	79	98	99	113	114	38	39	48	31	32
59	0	1	16	2	3	84	85	65	4	79	6	67	68	69	112	123	30	39	10	11	12
59	1	13	2	14	43	72	73	2	6	112	117	113	114	128	129	30	39	40	41	25
59	2	13	2	2	79	78	121	38	39	48	31	25
59	3	13	2	2	79	56	44	108	109	98	99	130	112	78	121	126	46	40	41	32
60	0	0	1	16	2	3	17	53	65	88	4	6	67	68	69	71	89	8	59	10	11	12
60	1	34	26	17	19	21	55	71	30	9	10	11	33
60	2	34	14	81	55	38	46	40	41	32
61	0	0	1	2	3	53	65	4	6	67	68	69	70	71	30	39	48	11	12
61	1	34	2	14	72	73	52	53	74	71	38	39	48	31	100
61	2	50	35	2	14	72	73	36	58	74	38	46	110	41	101
61	3	13	2	14	102	103	72	73	93	52	53	58	74	38	46	40	41	32
62	0	72	1	2	84	85	4	77	5	6	70	131	37	132	75	38	39	48	31	12
62	1	50	2	72	73	52	53	75	38	39	48	31	25
62	2	34	2	132	30	39	40	31	47
62	3	50	2	36	52	53	79	6	125	132	8	9	10	31	25
62	4	50	18	52	53	132	8	9	10	11	32
63	0	1	133	73	2	67	68	69	70	134	38	39	48	31	12
63	1	35	14	67	68	93	36	79	135	118	38	39	48	41	47
63	2	50	2	14	44	108	109	112	135	134	30	39	48	41	47
63	3	50	2	14	44	108	109	112	135	134	30	39	48	41	47
63	4	50	2	14	44	108	109	112	135	134	30	39	48	41	25
63	5	34	26	16	17	19	21	118	105	30	9	10	11	25
63	6	50	14	16	17	21	81	54	118	38	9	10	11	32
64	0	2	103	67	68	69	54	70	71	134	38	39	48	31	12
64	1	34	2	14	72	73	52	53	74	71	38	39	48	31	25
64	2	50	2	14	51	27	54	76	30	39	48	31	63
64	3	13	43	2	36	37	76	82	66	30	39	48	31	47
64	4	34	14	26	2	52	53	76	30	39	10	31	25
64	5	50	14	16	17	18	19	20	52	53	21	81	98	99	54	117	66	30	9	60	11	25
64	6	50	64	14	51	2	17	18	19	20	65	52	53	21	6	98	99	54	66	30	9	10	11	25
64	7	50	2	14	102	103	83	81	54	66	30	59	10	31	100
64	8	13	2	90	70	91	4	14	2	92	79	66	126	46	40	41	25
64	9	50	14	51	2	92	52	53	66	38	39	48	31	25
64	10	50	14	102	103	2	92	52	53	27	6	98	99	66	126	46	40	31	25
64	11	34	14	26	17	19	52	53	27	66	30	9	48	11	25
64	12	34	14	15	26	2	21	57	22	66	30	9	10	11	25
64	13	34	14	26	83	52	53	66	30	9	10	31	25
64	14	50	14	15	0	16	18	20	21	81	54	37	66	8	59	60	11	25
64	15	50	0	16	18	19	52	53	54	66	30	9	10	11	25
64	16	34	15	83	37	76	30	9	10	11	63
64	17	50	14	15	0	16	18	20	21	81	54	37	66	8	59	60	11	100
64	18	50	14	15	0	16	18	20	21	81	54	37	66	8	59	60	11	25
64	19	13	14	15	0	16	49	17	18	20	52	53	21	6	56	37	66	8	59	10	61	63
64	20	13	14	15	0	16	49	17	18	20	52	53	21	6	56	37	66	8	59	10	61	100
64	21	13	14	15	0	16	49	17	18	20	52	53	21	6	56	37	66	8	59	10	61	100
64	22	13	67	68	36	52	53	79	6	112	66	38	39	48	41	100
64	23	13	2	90	70	91	14	133	2	92	52	53	66	126	46	40	41	47
64	24	13	67	68	36	52	53	79	6	112	66	38	39	48	41	25
64	25	13	14	2	19	52	53	79	134	66	38	39	48	31	32
65	0	0	1	2	3	4	5	6	7	8	9	10	11	12
65	1	13	14	15	0	16	17	18	19	20	21	22	23	24	8	9	10	11	33
65	2	34	35	2	36	37	24	23	38	39	40	41	32
66	0	0	1	2	3	53	65	4	6	67	68	69	70	71	30	39	48	11	12
66	1	34	2	14	72	73	52	53	74	71	38	39	48	31	63
66	2	34	2	14	72	73	52	53	74	71	38	39	48	31	25
66	3	13	43	2	36	37	76	82	66	30	39	48	31	101
66	4	13	2	19	27	37	66	30	39	40	31	25
66	5	34	14	26	17	19	52	53	27	66	30	9	48	11	33
66	6	13	67	68	36	52	53	79	6	112	66	38	39	48	41	32
67	0	1	16	65	4	6	95	30	39	10	11	12
67	1	50	36	44	108	109	112	97	113	114	115	116	30	39	40	41	47
67	2	50	36	44	108	109	112	97	113	114	115	116	30	39	40	41	25
67	3	50	87	90	70	91	4	14	51	16	2	92	18	52	53	6	96	30	9	48	11	32
68	0	72	1	73	2	84	85	53	77	6	112	37	82	136	137	38	39	48	31	12
68	1	50	83	98	99	29	137	30	39	40	41	47
68	2	13	2	14	2	52	53	79	6	28	29	30	39	10	31	47
68	3	14	26	2	18	27	6	28	29	30	9	10	31	32
69	0	1	16	2	3	19	53	4	102	21	6	94	117	118	30	9	10	11	12
69	1	34	14	26	16	83	17	19	52	53	21	81	54	118	105	30	9	10	11	47
69	2	34	26	83	17	21	57	105	8	9	10	31	32
70	0	72	2	84	85	36	53	79	27	6	55	126	46	48	31	12
70	1	50	14	51	16	2	18	65	52	53	79	27	6	54	58	55	30	39	10	11	25
70	2	50	14	51	16	2	52	53	54	55	30	39	48	31	32
71	0	72	26	0	2	3	84	85	53	79	5	6	99	67	68	69	54	70	71	30	9	60	11	12
71	1	34	26	17	19	21	55	71	30	9	10	11	25
71	2	13	2	14	2	52	53	79	57	37	80	38	39	48	31	32
72	0	72	0	1	16	2	84	85	79	5	103	99	37	7	30	9	10	31	12
72	1	13	14	15	0	16	17	18	19	20	21	22	23	24	8	9	10	11	25
72	2	50	14	16	52	53	81	54	23	30	9	10	11	32
73	0	0	1	2	3	53	65	4	6	67	68	69	70	71	30	39	48	11	12
73	1	34	2	14	72	73	52	53	74	71	38	39	48	31	25
73	2	50	2	72	73	52	53	75	38	39	48	31	32
74	0	1	2	3	84	85	88	79	6	112	37	89	30	9	10	11	12
74	1	50	14	17	18	65	6	54	86	30	9	10	11	33
74	2	13	4	14	2	79	6	86	58	38	39	48	31	101
74	3	13	102	103	92	17	19	52	53	37	134	86	58	126	46	40	31	32
75	0	2	93	84	85	53	99	98	117	95	38	39	40	31	12
75	1	34	14	72	2	93	52	53	97	96	38	39	40	31	25
75	2	34	2	14	72	73	77	112	97	115	116	38	39	40	41	32
76	0	2	93	84	85	53	99	98	117	95	38	39	40	31	12
76	1	34	14	72	2	93	52	53	97	96	38	39	40	31	25
76	2	50	14	26	2	93	52	53	79	97	38	39	10	31	25
76	3	50	2	138	2	93	36	94	108	109	112	97	115	116	38	39	40	41	25
76	4	50	14	26	2	93	52	53	79	97	38	39	10	31	25
76	5	34	14	72	2	93	52	53	97	96	38	39	40	31	25
76	6	50	14	26	2	93	52	53	79	97	38	39	10	31	32
77	0	1	2	3	84	85	88	79	6	112	37	89	30	9	10	11	12
77	1	50	14	17	18	65	6	54	86	30	9	10	11	33
77	2	13	4	14	2	79	6	86	58	38	39	48	31	63
77	3	13	102	103	92	17	19	52	53	37	134	86	58	126	46	40	31	32
78	0	1	2	3	84	85	88	79	6	112	37	89	30	9	10	11	12
78	1	50	14	17	18	65	6	54	86	30	9	10	11	33
78	2	13	4	14	2	79	6	86	58	38	39	48	31	63
78	3	13	102	103	92	17	19	52	53	37	134	86	58	126	46	40	31	32
79	0	1	2	3	84	85	88	79	6	112	37	89	30	9	10	11	12
79	1	50	14	17	18	65	6	54	86	30	9	10	11	33
79	2	13	4	14	2	79	6	86	58	38	39	48	31	63
79	3	13	102	103	92	17	19	52	53	37	134	86	58	126	46	40	31	47
79	4	13	4	14	2	79	6	86	58	38	39	48	31	47
79	5	50	87	4	14	2	6	54	58	74	30	39	10	31	47
79	6	34	14	26	2	83	17	52	53	37	58	30	9	10	31	47
79	7	34	26	16	17	18	19	20	52	53	27	21	6	22	58	8	9	10	11	32
80	0	72	1	2	3	93	53	94	95	96	30	9	10	31	12
80	1	34	14	72	2	93	52	53	97	96	38	39	40	31	25
80	2	50	14	16	2	18	52	53	54	96	30	9	10	31	25
80	3	50	87	90	70	91	4	14	51	16	2	92	18	52	53	6	96	30	9	48	11	25
80	4	50	14	16	2	18	65	52	53	54	96	30	39	48	11	25
80	5	50	14	16	2	18	65	52	53	54	96	30	39	48	11	25
80	6	50	87	90	70	91	14	2	52	53	98	99	96	30	39	48	11	25
80	7	34	14	16	2	18	65	52	53	6	54	96	30	9	48	11	25
80	8	34	14	72	2	93	52	53	97	96	38	39	40	31	32
81	0	0	1	2	3	4	5	6	7	8	9	10	11	12
81	1	13	14	15	0	16	17	18	19	20	21	22	23	24	8	9	10	11	33
81	2	34	35	2	36	37	24	23	38	39	40	41	32
82	0	72	1	2	3	93	53	94	95	96	30	9	10	31	12
82	1	34	14	72	2	93	52	53	97	96	38	39	40	31	25
82	2	34	14	16	2	18	65	52	53	6	54	96	30	9	48	11	32
83	0	0	1	2	3	4	5	6	7	8	9	10	11	12
83	1	13	14	15	0	16	17	18	19	20	21	22	23	24	8	9	10	11	33
83	2	34	35	2	36	37	24	23	38	39	40	41	32
84	0	0	1	2	3	4	5	6	7	8	9	10	11	12
84	1	13	14	15	0	16	17	18	19	20	21	22	23	24	8	9	10	11	33
84	2	34	35	2	36	37	24	23	38	39	40	41	32
85	0	0	1	16	2	3	17	53	65	88	4	6	67	68	69	71	89	8	59	10	11	12
85	1	34	26	17	19	21	55	71	30	9	10	11	25
85	2	50	64	14	15	0	16	17	18	19	20	65	52	53	21	6	54	22	8	59	60	61	32
86	0	0	1	2	3	53	65	4	6	67	68	69	70	71	30	39	48	11	12
86	1	34	2	14	72	73	52	53	74	71	38	39	48	31	25
86	2	13	14	15	0	16	52	53	81	54	76	30	9	10	11	32
87	0	72	1	2	93	84	85	53	103	94	99	70	117	117	95	118	38	9	10	31	12
87	1	34	2	17	21	97	118	38	39	48	31	25
87	2	34	15	26	2	17	19	97	118	38	39	48	31	32
88	0	0	1	2	3	4	5	6	7	8	9	10	11	12
88	1	13	14	15	0	16	17	18	19	20	21	22	23	24	8	9	10	11	33
88	2	34	35	2	36	37	24	23	38	39	40	41	32
89	0	0	1	2	19	53	88	79	54	71	86	127	89	30	9	10	11	12
89	1	13	102	103	92	17	19	52	53	37	134	86	58	126	46	40	31	47
89	2	13	4	14	2	79	6	86	58	38	39	48	31	47
89	3	50	87	4	14	2	6	54	58	74	30	39	10	31	25
89	4	50	87	14	51	16	2	18	65	52	53	6	54	58	30	39	48	31	32
90	0	0	1	2	19	53	88	79	54	71	86	127	89	30	9	10	11	12
90	1	13	102	103	92	17	19	52	53	37	134	86	58	126	46	40	31	47
90	2	13	4	14	2	79	6	86	58	38	39	48	31	47
90	3	50	87	4	14	2	6	54	58	74	30	39	10	31	25
90	4	50	2	14	51	15	2	79	6	54	86	30	39	48	31	25
90	5	34	2	2	83	17	19	52	53	22	58	30	39	48	31	32
91	0	50	1	133	2	84	85	36	6	95	106	38	39	48	31	12
91	1	34	2	14	72	2	97	106	38	39	48	31	47
91	2	34	72	73	93	112	97	30	39	48	41	32
92	0	0	1	2	3	53	65	4	6	67	68	69	70	71	30	39	48	11	12
92	1	34	2	14	72	73	52	53	74	71	38	39	48	31	47
92	2	50	87	4	14	2	6	54	58	74	30	39	10	31	32
93	0	0	1	2	3	4	5	6	7	8	9	10	11	12
93	1	13	14	15	0	16	17	18	19	20	21	22	23	24	8	9	10	11	33
93	2	34	35	2	36	37	24	23	38	39	40	41	32
94	0	0	1	2	3	4	5	6	7	8	9	10	11	12
94	1	13	14	15	0	16	17	18	19	20	21	22	23	24	8	9	10	11	33
94	2	34	35	2	36	37	24	23	38	39	40	41	32
95	0	0	1	2	3	4	5	6	7	8	9	10	11	12
95	1	13	14	15	0	16	17	18	19	20	21	22	23	24	8	9	10	11	33
95	2	13	14	15	0	16	17	18	19	20	21	22	23	24	8	9	10	11	62
95	3	13	93	22	111	38	46	40	31	32
96	0	0	1	2	3	53	65	4	6	67	68	69	70	71	30	39	48	11	12
96	1	34	2	14	72	73	52	53	74	71	38	39	48	31	47
96	2	34	2	14	72	73	52	53	74	71	38	39	48	31	47
96	3	50	87	4	14	2	6	54	58	74	30	39	10	31	32
97	0	0	1	2	3	53	65	4	6	67	68	69	70	71	30	39	48	11	12
97	1	34	2	14	72	73	52	53	74	71	38	39	48	31	47
97	2	50	87	4	14	2	6	54	58	74	30	39	10	31	32
98	0	0	1	2	3	53	65	4	6	67	68	69	70	71	30	39	48	11	12
98	1	34	2	14	72	73	52	53	74	71	38	39	48	31	47
98	2	50	87	4	14	2	6	54	58	74	30	39	10	31	32
99	0	0	1	2	3	53	65	4	6	67	68	69	70	71	30	39	48	11	12
99	1	34	2	14	72	73	52	53	74	71	38	39	48	31	47
99	2	50	87	4	14	2	6	54	58	74	30	39	10	31	32
100	0	0	1	2	3	53	65	4	6	67	68	69	70	71	30	39	48	11	12
100	1	34	2	14	72	73	52	53	74	71	38	39	48	31	47
100	2	50	87	4	14	2	6	54	58	74	30	39	10	31	32
101	0	0	1	2	3	4	5	6	7	8	9	10	11	12
101	1	13	14	15	0	16	17	18	19	20	21	22	23	24	8	9	10	11	33
101	2	34	35	2	36	37	24	23	38	39	40	41	32
102	0	0	1	2	3	4	5	6	7	8	9	10	11	12
102	1	13	14	15	0	16	17	18	19	20	21	22	23	24	8	9	10	11	33
102	2	34	35	2	36	37	24	23	38	39	40	41	25
102	3	13	35	49	36	44	24	38	39	40	41	32
103	0	0	1	2	3	4	5	6	7	8	9	10	11	12
103	1	13	14	15	0	16	17	18	19	20	21	22	23	24	8	9	10	11	33
103	2	34	35	2	36	37	24	23	38	39	40	41	32
104	0	73	2	84	85	77	6	67	68	69	117	95	115	116	139	30	39	110	41	12
104	1	50	2	102	103	72	133	73	2	36	79	139	115	116	126	46	40	41	47
104	2	50	2	14	93	130	112	140	115	116	141	30	46	110	41	100
104	3	50	2	14	93	130	112	140	115	116	141	30	46	110	41	25
104	4	34	2	14	72	73	77	112	97	115	116	38	39	40	41	32
105	0	72	1	133	2	84	85	53	140	126	46	40	41	12
105	1	50	2	14	93	130	112	140	115	116	141	30	46	110	41	62
105	2	50	2	14	93	130	112	140	115	116	141	30	46	110	41	47
105	3	50	36	44	108	109	112	97	113	114	115	116	30	39	40	41	32
106	0	0	1	2	3	4	5	6	7	8	9	10	11	12
106	1	13	14	15	0	16	17	18	19	20	21	22	23	24	8	9	10	11	47
106	2	34	14	26	0	16	49	17	18	19	52	53	27	21	6	56	57	22	58	24	8	59	60	61	32
107	0	0	1	2	3	4	5	6	7	8	9	10	11	12
107	1	13	14	15	0	16	17	18	19	20	21	22	23	24	8	9	10	11	33
107	2	34	35	2	36	37	24	23	38	39	40	41	32
108	0	0	1	2	3	4	5	6	7	8	9	10	11	12
108	1	13	14	15	0	16	17	18	19	20	21	22	23	24	8	9	10	11	47
108	2	34	14	26	0	16	49	17	18	19	52	53	27	21	6	56	57	22	58	24	8	59	60	61	32
109	0	2	3	53	65	4	6	54	70	58	30	39	48	11	12
109	1	50	87	4	14	2	6	54	58	74	30	39	10	31	47
109	2	34	14	26	2	83	17	52	53	37	58	30	9	10	31	101
109	3	34	2	2	83	17	19	52	53	22	58	30	39	48	31	33
109	4	13	2	14	102	103	72	73	93	52	53	58	74	38	46	40	41	32
110	0	0	1	2	3	4	5	6	7	8	9	10	11	12
110	1	13	14	15	0	16	17	18	19	20	21	22	23	24	8	9	10	11	33
110	2	34	35	2	36	37	24	23	38	39	40	41	32
111	0	53	81	89	38	9	10	11	12
111	1	34	14	26	16	83	17	19	52	53	21	81	54	118	105	30	9	10	11	25
111	2	50	14	2	17	52	53	21	94	57	98	99	118	105	38	39	10	11	32
112	0	2	106	126	46	40	31	12
112	1	34	2	14	72	2	97	106	38	39	48	31	33
112	2	34	2	14	72	2	97	106	38	39	48	31	100
112	3	34	2	14	72	73	77	112	97	115	116	38	39	40	41	32
113	0	2	106	126	46	40	31	12
113	1	34	2	14	72	2	97	106	38	39	48	31	47
113	2	34	2	14	72	73	77	112	97	115	116	38	39	40	41	25
113	3	87	2	14	102	103	72	133	73	36	52	53	79	77	97	115	116	126	39	48	41	32
114	0	0	1	2	3	4	5	6	7	8	9	10	11	12
114	1	13	14	15	0	16	17	18	19	20	21	22	23	24	8	9	10	11	33
114	2	34	35	2	36	37	24	23	38	39	40	41	32
115	0	0	1	2	3	4	5	6	7	8	9	10	11	12
115	1	13	14	15	0	16	17	18	19	20	21	22	23	24	8	9	10	11	33
115	2	34	35	2	36	37	24	23	38	39	40	41	32
116	0	73	2	84	85	36	53	103	99	112	134	139	142	38	39	40	41	12
116	1	50	2	102	103	72	133	73	2	36	79	139	115	116	126	46	40	41	101
116	2	50	2	14	93	130	112	140	115	116	141	30	46	110	41	63
116	3	50	2	130	112	140	141	38	46	110	41	47
116	4	50	2	14	93	130	112	140	115	116	141	30	46	110	41	100
116	5	50	2	102	103	72	133	73	2	36	79	139	115	116	126	46	40	41	33
116	6	50	2	102	103	72	133	73	2	36	79	139	115	116	126	46	40	41	25
116	7	87	2	14	102	103	72	133	73	36	52	53	79	77	97	115	116	126	39	48	41	32
117	0	72	1	73	2	84	85	36	53	79	6	70	45	122	38	39	40	41	12
117	1	13	2	14	43	36	45	122	38	46	110	31	33
117	2	13	2	102	103	45	122	30	46	110	41	32
118	0	0	1	2	3	4	5	6	7	8	9	10	11	12
118	1	13	14	15	0	16	17	18	19	20	21	22	23	24	8	9	10	11	33
118	2	34	35	2	36	37	24	23	38	39	40	41	100
118	3	34	35	2	36	37	24	23	38	39	40	41	101
118	4	13	14	15	0	16	17	18	19	20	21	22	23	24	8	9	10	11	32
119	0	0	1	2	3	4	5	6	7	8	9	10	11	12
119	1	13	14	15	0	16	17	18	19	20	21	22	23	24	8	9	10	11	33
119	2	34	35	2	36	37	24	23	38	39	40	41	101
119	3	13	14	15	0	16	17	18	19	20	21	22	23	24	8	9	10	11	32
120	0	0	1	2	3	4	5	6	7	8	9	10	11	12
120	1	13	14	15	0	16	17	18	19	20	21	22	23	24	8	9	10	11	33
120	2	13	14	15	0	16	17	18	19	20	21	22	23	24	8	9	10	11	101
120	3	13	64	15	16	17	18	19	52	53	21	37	22	24	30	9	48	11	33
120	4	13	2	43	36	44	45	42	24	38	46	40	41	63
120	5	34	35	2	36	37	24	23	38	39	40	41	62
120	6	13	14	15	0	16	17	18	19	20	21	22	23	24	8	9	10	11	32
121	0	1	133	73	2	84	85	53	99	98	70	95	115	116	126	39	48	41	12
121	1	87	2	14	102	103	72	133	73	36	52	53	79	77	97	115	116	126	39	48	41	25
121	2	50	36	44	108	109	112	97	113	114	115	116	30	39	40	41	32
122	0	0	1	2	3	4	5	6	7	8	9	10	11	12
122	1	13	14	15	0	16	17	18	19	20	21	22	23	24	8	9	10	11	33
122	2	34	35	2	36	37	24	23	38	39	40	41	32
123	0	0	1	2	3	4	5	6	7	8	9	10	11	12
123	1	13	14	15	0	16	17	18	19	20	21	22	23	24	8	9	10	11	33
123	2	34	35	2	36	37	24	23	38	39	40	41	32
124	0	0	1	2	3	53	65	4	6	67	68	69	70	71	30	39	48	11	12
124	1	34	2	14	72	73	52	53	74	71	38	39	48	31	25
124	2	34	14	26	2	52	53	76	30	39	10	31	32
125	0	0	1	2	3	4	5	6	7	8	9	10	11	12
125	1	13	14	15	0	16	17	18	19	20	21	22	23	24	8	9	10	11	33
125	2	34	35	2	36	37	24	23	38	39	40	41	32
126	0	1	53	70	86	127	126	46	48	31	12
126	1	13	4	14	2	79	6	86	58	38	39	48	31	25
126	2	13	2	17	86	30	39	48	31	100
126	3	13	4	14	2	79	6	86	58	38	39	48	31	25
126	4	50	51	17	52	53	98	99	86	38	39	48	31	25
126	5	13	102	103	98	99	86	38	39	40	31	25
126	6	34	14	2	52	53	98	99	86	126	46	40	31	25
126	7	50	4	51	2	92	17	52	53	79	98	99	86	38	39	48	31	100
126	8	50	90	70	91	4	14	51	16	2	92	17	65	52	53	27	6	57	54	86	38	39	10	11	100
126	9	50	90	70	91	4	14	51	16	2	92	17	65	52	53	27	6	57	54	86	38	39	10	11	33
126	10	13	4	14	2	79	6	86	58	38	39	48	31	100
126	11	50	87	4	14	2	6	54	58	74	30	39	10	31	100
126	12	50	87	4	14	2	6	54	58	74	30	39	10	31	63
126	13	13	102	103	92	17	19	52	53	37	134	86	58	126	46	40	31	63
126	14	34	14	15	26	37	86	30	9	10	31	32
127	0	0	1	2	3	4	5	6	7	8	9	10	11	12
127	1	13	14	15	0	16	17	18	19	20	21	22	23	24	8	9	10	11	33
127	2	34	35	2	36	37	24	23	38	39	40	41	101
127	3	34	35	2	36	37	24	23	38	39	40	41	62
127	4	13	14	15	0	16	17	18	19	20	21	22	23	24	8	9	10	11	32
128	0	0	1	2	3	4	5	6	7	8	9	10	11	12
128	1	13	14	15	0	16	17	18	19	20	21	22	23	24	8	9	10	11	25
128	2	13	4	102	103	2	6	98	99	29	38	39	10	31	25
128	3	34	14	26	0	16	49	17	18	19	52	53	27	21	6	56	57	22	58	24	8	59	60	61	25
128	4	50	14	51	16	2	17	18	19	52	53	21	54	55	30	9	10	11	25
128	5	34	16	18	6	42	8	9	10	11	33
128	6	13	2	43	36	44	45	42	24	38	46	40	41	32
129	0	1	2	3	84	85	79	6	67	68	69	112	70	123	30	39	10	11	12
129	1	13	2	14	43	72	73	2	6	112	117	113	114	128	129	30	39	40	41	100
129	2	13	2	14	43	72	73	2	6	112	117	113	114	128	129	30	39	40	41	25
129	3	34	2	36	52	53	79	98	99	113	114	38	39	48	31	25
129	4	13	2	2	79	56	44	108	109	98	99	130	112	78	121	126	46	40	41	25
129	5	34	26	17	19	21	55	71	30	9	10	11	25
129	6	34	35	2	2	49	36	56	108	109	130	112	78	121	38	39	40	41	25
129	7	13	2	2	79	78	121	38	39	48	31	25
129	8	34	2	14	72	73	52	53	74	71	38	39	48	31	25
129	9	13	35	2	14	2	49	36	56	112	78	121	126	46	110	41	25
129	10	13	2	90	70	91	14	72	73	2	79	108	109	130	113	114	128	129	126	46	40	41	25
129	11	50	36	44	108	109	112	97	113	114	115	116	30	39	40	41	25
129	12	13	2	2	77	56	37	37	78	38	39	48	31	25
129	13	34	2	36	52	53	79	98	99	113	114	38	39	48	31	25
129	14	13	2	14	43	72	73	2	6	112	117	113	114	128	129	30	39	40	41	100
129	15	13	2	2	77	56	37	37	78	38	39	48	31	62
129	16	13	2	2	77	56	37	37	78	38	39	48	31	63
129	17	13	2	2	77	56	37	37	78	38	39	48	31	100
129	18	13	2	2	79	56	44	108	109	98	99	130	112	78	121	126	46	40	41	47
129	19	34	35	2	2	49	36	56	108	109	130	112	78	121	38	39	40	41	32
130	0	1	2	84	85	53	79	27	112	71	38	39	10	31	12
130	1	34	2	14	72	73	52	53	74	71	38	39	48	31	25
130	2	34	14	26	2	52	53	76	30	39	10	31	25
130	3	50	2	72	73	52	53	75	38	39	48	31	25
130	4	13	14	15	0	16	52	53	81	54	76	30	9	10	11	25
130	5	34	26	17	19	21	55	71	30	9	10	11	25
130	6	50	2	14	51	2	79	54	117	76	38	39	10	31	25
130	7	13	2	2	79	78	121	38	39	48	31	25
130	8	50	14	51	2	92	79	80	38	39	10	31	25
130	9	13	2	14	2	52	53	79	57	37	80	38	39	48	31	25
130	10	13	2	77	27	76	38	39	40	31	100
130	11	50	2	14	51	27	54	76	30	39	48	31	33
130	12	50	2	14	51	27	54	76	30	39	48	31	100
130	13	50	2	14	51	27	54	76	30	39	48	31	63
130	14	13	43	2	36	37	76	82	66	30	39	48	31	25
130	15	34	15	83	37	76	30	9	10	11	25
130	16	13	14	15	0	16	52	53	81	54	76	30	9	10	11	32
131	0	1	2	84	85	53	112	45	122	30	39	48	31	12
131	1	13	2	102	103	45	122	30	46	110	41	25
131	2	34	14	83	93	37	45	38	39	48	31	32
132	0	1	73	2	84	85	36	79	77	102	112	58	38	46	48	31	12
132	1	13	2	72	73	36	58	74	38	46	40	31	100
132	2	50	87	4	14	2	6	54	58	74	30	39	10	31	25
132	3	50	4	14	65	6	58	38	39	48	31	25
132	4	50	2	72	73	58	74	38	46	40	41	25
132	5	13	2	14	72	73	93	52	53	58	74	38	39	40	31	25
132	6	13	2	14	102	103	72	73	36	79	58	74	126	46	40	41	32
133	0	1	2	84	85	65	79	70	58	30	39	10	31	12
133	1	50	87	4	14	2	6	54	58	74	30	39	10	31	25
133	2	34	14	58	74	38	39	40	31	25
133	3	50	2	52	53	58	74	38	39	48	31	32
134	0	72	26	0	2	3	84	85	53	79	5	6	99	67	68	69	54	70	71	30	9	60	11	12
134	1	34	26	17	19	21	55	71	30	9	10	11	25
134	2	13	2	2	79	56	44	108	109	98	99	130	112	78	121	126	46	40	41	32
135	0	72	0	1	16	2	84	85	79	5	103	99	37	7	30	9	10	31	12
135	1	13	14	15	0	16	17	18	19	20	21	22	23	24	8	9	10	11	25
135	2	50	2	14	16	21	81	94	54	55	30	9	10	11	25
135	3	50	14	51	16	2	18	65	52	53	79	27	6	54	58	55	30	39	10	11	25
135	4	13	64	15	16	17	18	19	52	53	21	37	22	24	30	9	48	11	25
135	5	50	14	16	52	53	81	54	23	30	9	10	11	25
135	6	34	35	2	36	37	24	23	38	39	40	41	25
135	7	13	2	43	36	44	45	42	24	38	46	40	41	32
136	0	0	1	2	3	4	5	6	7	8	9	10	11	12
136	1	13	14	15	0	16	17	18	19	20	21	22	23	24	8	9	10	11	47
136	2	34	14	26	0	16	49	17	18	19	52	53	27	21	6	56	57	22	58	24	8	59	60	61	100
136	3	34	2	2	83	17	19	52	53	22	58	30	39	48	31	32
137	0	0	1	2	3	4	5	6	7	8	9	10	11	12
137	1	13	14	15	0	16	17	18	19	20	21	22	23	24	8	9	10	11	47
137	2	34	14	26	0	16	49	17	18	19	52	53	27	21	6	56	57	22	58	24	8	59	60	61	100
137	3	34	2	2	83	17	19	52	53	22	58	30	39	48	31	63
137	4	34	14	26	0	16	49	17	18	19	52	53	27	21	6	56	57	22	58	24	8	59	60	61	32
138	0	0	1	2	3	4	5	6	7	8	9	10	11	12
138	1	13	14	15	0	16	17	18	19	20	21	22	23	24	8	9	10	11	47
138	2	34	14	26	0	16	49	17	18	19	52	53	27	21	6	56	57	22	58	24	8	59	60	61	100
138	3	34	2	2	83	17	19	52	53	22	58	30	39	48	31	32
139	0	0	1	2	3	17	53	65	4	6	67	68	69	54	70	86	127	30	9	10	11	12
139	1	13	4	14	2	79	6	86	58	38	39	48	31	25
139	2	34	15	26	17	19	20	52	53	86	30	9	48	31	32
140	0	1	2	3	84	85	4	77	103	70	37	71	134	7	38	39	60	11	12
140	1	34	26	17	19	21	55	71	30	9	10	11	25
140	2	13	35	2	14	2	49	36	56	112	78	121	126	46	110	41	25
140	3	34	35	2	2	49	36	56	108	109	130	112	78	121	38	39	40	41	32
141	0	2	84	85	53	54	112	45	122	30	39	48	31	12
141	1	50	2	14	93	52	53	54	143	45	122	126	46	40	31	25
141	2	13	2	43	36	44	45	42	24	38	46	40	41	25
141	3	13	14	45	30	39	48	31	25
141	4	34	37	45	38	39	48	31	25
141	5	50	14	52	53	143	45	38	39	48	31	25
141	6	13	2	102	103	45	122	30	46	110	41	25
141	7	13	2	83	93	52	53	45	30	39	48	31	25
141	8	34	2	14	52	53	143	45	38	39	48	31	25
141	9	34	45	38	39	48	31	25
141	10	13	2	14	43	36	45	122	38	46	110	31	25
141	11	34	14	83	45	30	39	48	31	25
141	12	50	52	53	54	143	45	38	39	40	31	25
141	13	13	102	103	45	30	39	40	31	32
142	0	0	1	2	3	4	5	6	7	8	9	10	11	12
142	1	13	14	15	0	16	17	18	19	20	21	22	23	24	8	9	10	11	47
142	2	34	14	26	0	16	49	17	18	19	52	53	27	21	6	56	57	22	58	24	8	59	60	61	100
142	3	34	2	2	83	17	19	52	53	22	58	30	39	48	31	47
142	4	34	14	26	0	16	49	17	18	19	52	53	27	21	6	56	57	22	58	24	8	59	60	61	101
142	5	34	2	2	83	17	19	52	53	22	58	30	39	48	31	32
143	0	2	84	85	53	54	112	45	122	30	39	48	31	12
143	1	50	2	14	93	52	53	54	143	45	122	126	46	40	31	25
143	2	13	2	14	43	36	45	122	38	46	110	31	25
143	3	13	2	102	103	45	122	30	46	110	41	25
143	4	13	102	103	45	30	39	40	31	32
144	0	0	1	2	3	4	5	6	7	8	9	10	11	12
144	1	13	14	15	0	16	17	18	19	20	21	22	23	24	8	9	10	11	47
144	2	34	14	26	0	16	49	17	18	19	52	53	27	21	6	56	57	22	58	24	8	59	60	61	47
144	3	34	14	26	0	16	49	17	18	19	52	53	27	21	6	56	57	22	58	24	8	59	60	61	100
144	4	34	2	2	83	17	19	52	53	22	58	30	39	48	31	32
145	0	72	1	2	3	93	53	94	95	96	30	9	10	31	12
145	1	34	14	72	2	93	52	53	97	96	38	39	40	31	47
145	2	34	14	72	2	93	52	53	97	96	38	39	40	31	25
145	3	50	14	16	2	18	52	53	54	96	30	9	10	31	32
146	0	0	1	2	3	53	65	4	6	67	68	69	70	71	30	39	48	11	12
146	1	34	2	14	72	73	52	53	74	71	38	39	48	31	47
146	2	50	87	4	14	2	6	54	58	74	30	39	10	31	47
146	3	34	14	26	2	83	17	52	53	37	58	30	9	10	31	25
146	4	50	2	51	16	18	52	53	21	58	30	9	60	11	47
146	5	34	14	26	2	83	17	52	53	37	58	30	9	10	31	25
146	6	34	14	26	2	83	17	52	53	37	58	30	9	10	31	32
147	0	0	1	2	3	53	65	4	6	67	68	69	70	71	30	39	48	11	12
147	1	34	2	14	72	73	52	53	74	71	38	39	48	31	25
147	2	50	2	72	73	52	53	75	38	39	48	31	25
147	3	13	2	14	2	52	53	79	57	37	80	38	39	48	31	32
148	0	0	1	16	2	3	53	88	4	6	67	68	69	112	71	144	30	9	10	11	12
148	1	50	14	83	81	144	30	9	10	11	25
148	2	34	14	26	2	17	19	52	53	27	54	144	38	46	10	31	25
148	3	34	2	14	72	73	52	53	74	71	38	39	48	31	25
148	4	13	2	43	93	144	142	38	46	110	41	25
148	5	50	14	83	81	144	30	9	10	11	25
148	6	34	26	17	19	21	55	71	30	9	10	11	25
148	7	50	14	51	2	19	37	144	30	39	48	31	25
148	8	50	14	2	19	52	53	79	27	37	58	144	38	46	48	31	25
148	9	34	14	2	18	52	53	98	99	144	30	39	48	31	25
148	10	50	2	52	53	79	54	144	38	39	48	31	25
148	11	13	14	2	17	19	58	144	38	39	48	31	25
148	12	34	14	26	2	17	19	52	53	27	54	144	38	46	10	31	32
149	0	1	2	3	53	65	77	6	23	8	9	48	11	12
149	1	13	14	15	0	16	17	18	19	20	21	22	23	24	8	9	10	11	25
149	2	50	16	54	23	30	39	48	31	32
150	0	72	1	2	84	85	53	6	94	99	70	131	117	132	75	38	39	48	31	12
150	1	50	2	72	73	52	53	75	38	39	48	31	25
150	2	13	14	2	52	53	55	132	38	39	40	31	25
150	3	13	102	103	2	36	132	38	39	40	31	25
150	4	34	2	98	99	125	132	126	39	48	31	25
150	5	34	72	73	132	38	39	48	31	25
150	6	13	2	102	103	83	112	125	132	30	39	110	41	25
150	7	13	14	2	79	27	37	132	38	39	48	31	25
150	8	13	2	73	83	36	132	30	39	40	31	25
150	9	13	2	2	36	132	38	39	48	41	25
150	10	13	132	38	39	40	41	25
150	11	34	72	73	132	38	39	48	31	25
150	12	50	2	132	38	39	48	31	25
150	13	34	2	2	125	132	38	39	40	41	25
150	14	34	2	132	30	39	40	31	25
150	15	50	2	72	73	52	53	75	38	39	48	31	32
151	0	0	1	2	3	4	5	6	7	8	9	10	11	12
151	1	13	14	15	0	16	17	18	19	20	21	22	23	24	8	9	10	11	47
151	2	34	14	26	0	16	49	17	18	19	52	53	27	21	6	56	57	22	58	24	8	59	60	61	100
151	3	34	2	2	83	17	19	52	53	22	58	30	39	48	31	32
152	0	1	2	53	99	98	70	125	117	28	38	39	48	31	12
152	1	50	2	102	103	2	92	125	28	29	38	39	48	31	25
152	2	50	2	14	92	18	52	53	27	28	29	126	46	40	31	32
153	0	0	1	2	3	4	5	6	7	8	9	10	11	12
153	1	13	14	15	0	16	17	18	19	20	21	22	23	24	8	9	10	11	47
153	2	34	14	26	0	16	49	17	18	19	52	53	27	21	6	56	57	22	58	24	8	59	60	61	32
154	0	0	1	2	3	4	5	6	7	8	9	10	11	12
154	1	13	14	15	0	16	17	18	19	20	21	22	23	24	8	9	10	11	47
154	2	34	14	26	0	16	49	17	18	19	52	53	27	21	6	56	57	22	58	24	8	59	60	61	32
155	0	117	38	39	40	41	12
155	1	13	43	93	117	42	38	39	40	41	25
155	2	34	2	14	93	36	97	139	38	39	40	41	32
156	0	0	1	2	3	4	5	6	7	8	9	10	11	12
156	1	13	14	15	0	16	17	18	19	20	21	22	23	24	8	9	10	11	33
156	2	34	35	2	36	37	24	23	38	39	40	41	32
157	0	0	1	2	3	4	5	6	7	8	9	10	11	12
157	1	13	14	15	0	16	17	18	19	20	21	22	23	24	8	9	10	11	100
157	2	34	35	2	36	37	24	23	38	39	40	41	32
158	0	1	2	27	145	128	126	39	10	31	12
158	1	13	2	14	43	72	73	2	6	112	117	113	114	128	129	30	39	40	41	25
158	2	34	2	14	102	103	2	83	143	128	129	126	46	40	31	25
158	3	13	2	90	70	91	14	72	73	2	79	108	109	130	113	114	128	129	126	46	40	41	25
158	4	34	2	36	130	143	112	128	129	38	39	40	41	25
158	5	50	36	44	108	109	112	97	113	114	115	116	30	39	40	41	25
158	6	34	2	14	2	52	53	97	106	38	39	40	31	25
158	7	34	102	103	2	128	129	126	46	40	31	25
158	8	34	2	14	72	2	97	106	38	39	48	31	25
158	9	13	14	2	93	97	118	106	38	39	40	31	25
158	10	13	2	14	138	2	83	112	128	129	30	39	110	41	25
158	11	34	2	36	52	53	79	98	99	113	114	38	39	48	31	25
158	12	50	14	2	117	97	106	38	39	40	31	25
158	13	50	14	2	117	97	106	38	39	40	31	32
159	0	0	1	2	3	4	5	6	7	8	9	10	11	12
159	1	13	14	15	0	16	17	18	19	20	21	22	23	24	8	9	10	11	33
159	2	34	35	2	36	37	24	23	38	39	40	41	32
160	0	0	1	2	3	4	5	6	7	8	9	10	11	12
160	1	13	14	15	0	16	17	18	19	20	21	22	23	24	8	9	10	11	33
160	2	34	35	2	36	37	24	23	38	39	40	41	32
161	0	0	1	2	3	4	5	6	7	8	9	10	11	12
161	1	13	14	15	0	16	17	18	19	20	21	22	23	24	8	9	10	11	33
161	2	34	35	2	36	37	24	23	38	39	40	41	32
162	0	0	1	2	3	4	5	6	7	8	9	10	11	12
162	1	13	14	15	0	16	17	18	19	20	21	22	23	24	8	9	10	11	33
162	2	34	35	2	36	37	24	23	38	39	40	41	32
163	0	0	1	2	3	4	5	6	7	8	9	10	11	12
163	1	13	14	15	0	16	17	18	19	20	21	22	23	24	8	9	10	11	33
163	2	34	35	2	36	37	24	23	38	39	40	41	32
164	0	0	1	2	3	4	5	6	7	8	9	10	11	12
164	1	13	14	15	0	16	17	18	19	20	21	22	23	24	8	9	10	11	47
164	2	34	14	26	0	16	49	17	18	19	52	53	27	21	6	56	57	22	58	24	8	59	60	61	100
164	3	34	2	2	83	17	19	52	53	22	58	30	39	48	31	47
164	4	34	26	16	17	18	19	20	52	53	27	21	6	22	58	8	9	10	11	47
164	5	34	14	26	0	16	49	17	18	19	52	53	27	21	6	56	57	22	58	24	8	59	60	61	32
165	0	0	1	2	3	4	5	6	7	8	9	10	11	12
165	1	13	14	15	0	16	17	18	19	20	21	22	23	24	8	9	10	11	47
165	2	34	14	26	0	16	49	17	18	19	52	53	27	21	6	56	57	22	58	24	8	59	60	61	100
165	3	34	2	2	83	17	19	52	53	22	58	30	39	48	31	32
166	0	0	1	2	3	4	5	6	7	8	9	10	11	12
166	1	13	14	15	0	16	17	18	19	20	21	22	23	24	8	9	10	11	47
166	2	34	14	26	0	16	49	17	18	19	52	53	27	21	6	56	57	22	58	24	8	59	60	61	100
166	3	34	2	2	83	17	19	52	53	22	58	30	39	48	31	32
167	0	0	1	2	3	4	5	6	7	8	9	10	11	12
167	1	13	14	15	0	16	17	18	19	20	21	22	23	24	8	9	10	11	33
167	2	34	35	2	36	37	24	23	38	39	40	41	32
168	0	0	1	2	3	4	5	6	7	8	9	10	11	12
168	1	13	14	15	0	16	17	18	19	20	21	22	23	24	8	9	10	11	47
168	2	34	14	26	0	16	49	17	18	19	52	53	27	21	6	56	57	22	58	24	8	59	60	61	100
168	3	34	14	26	0	16	49	17	18	19	52	53	27	21	6	56	57	22	58	24	8	59	60	61	100
168	4	34	2	2	83	17	19	52	53	22	58	30	39	48	31	63
168	5	34	14	26	0	16	49	17	18	19	52	53	27	21	6	56	57	22	58	24	8	59	60	61	63
168	6	13	14	15	0	16	17	18	19	20	21	22	23	24	8	9	10	11	25
168	7	50	64	14	15	0	16	17	18	19	20	65	52	53	21	6	54	22	8	59	60	61	25
168	8	34	64	14	15	26	0	2	17	18	19	20	52	53	21	6	56	22	8	59	10	61	32
169	0	0	1	2	3	53	65	4	6	67	68	69	70	71	30	39	48	11	12
169	1	34	2	14	72	73	52	53	74	71	38	39	48	31	25
169	2	13	2	14	2	52	53	79	57	37	80	38	39	48	31	25
169	3	13	43	2	36	37	76	82	66	30	39	48	31	25
169	4	13	2	2	79	78	121	38	39	48	31	25
169	5	13	14	15	0	16	52	53	81	54	76	30	9	10	11	33
169	6	34	14	26	2	52	53	76	30	39	10	31	25
169	7	50	2	14	51	2	79	54	117	76	38	39	10	31	25
169	8	50	2	14	51	27	54	76	30	39	48	31	32
170	0	1	16	65	4	6	95	30	39	10	11	12
170	1	50	36	44	108	109	112	97	113	114	115	116	30	39	40	41	47
170	2	34	72	73	93	112	97	30	39	48	41	32
