0	0
L	1
110	2
7	3
N	4
P	5
5	6
M	7
6	8
1	9
9	10
C	11
3	12
2	13
R	14
4	15
Q	16
S	17
8	18
E	19
90	20
F	21
D	22
A	23
580	24
610	25
460	26
H	27
G	28
500	29
620	30
70	31
220	32
560	33
330	34
250	35
120	36
670	37
630	38
650	39
30	40
80	41
230	42
400	43
60	44
510	45
570	46
380	47
260	48
640	49
520	50
100	51
540	52
130	53
350	54
B	55
420	56
340	57
300	58
50	59
480	60
390	61
410	62
280	63
140	64
320	65
180	66
550	67
10	68
160	69
430	70
530	71
370	72
20	73
150	74
210	75
40	76
590	77
290	78
490	79
450	80
310	81
200	82
470	83
360	84
660	85
270	86
