0	0	0	1	2	3	4	5	6	7	8	9	10	11	12	13	14	15	16
0	1	17	18	8	18	6	7	19	11	20	13	14	15	21
0	2	17	18	8	18	6	7	19	11	20	13	14	15	21
0	3	17	18	8	0	18	22	23	19	11	20	24	25	26	21
0	4	17	18	8	0	18	22	23	19	11	20	24	25	26	21
0	5	17	18	8	0	18	22	23	19	11	20	24	25	26	27
0	6	17	8	18	28	6	7	19	29	20	13	14	26	27
0	7	17	8	18	28	6	7	19	29	20	13	14	26	30
1	0	31	32	3	33	34	6	7	8	9	35	36	37	38	39	40	41	42	12	43	44	45	16
1	1	46	18	8	47	0	2	18	48	49	50	51	52	42	53	12	13	14	26	54
1	2	46	18	8	47	0	2	18	48	49	50	51	52	42	53	12	13	14	26	54
1	3	46	18	8	47	0	2	18	48	49	50	51	52	42	53	12	13	14	26	55
1	4	46	18	8	47	0	2	18	48	49	50	51	52	42	53	12	13	14	26	55
1	5	46	18	8	47	0	2	18	48	49	50	51	52	42	53	12	13	14	26	56
1	6	46	18	8	47	0	2	18	48	49	50	51	52	42	53	12	13	14	26	56
1	7	57	5	58	22	23	49	19	51	52	59	60	12	13	14	26	27
1	8	17	18	5	6	7	9	61	62	51	52	20	13	63	15	27
1	9	17	18	5	6	7	9	61	62	51	52	20	13	63	15	30
2	0	1	3	33	64	65	66	9	22	23	40	41	12	43	44	45	16
2	1	17	1	18	18	33	5	67	22	23	10	49	68	69	20	13	14	26	27
2	2	17	70	64	71	34	65	9	72	73	74	12	43	44	45	27
2	3	17	70	64	71	34	65	9	72	73	74	12	43	44	45	27
2	4	46	18	75	76	77	8	0	2	18	9	22	23	10	51	52	42	53	78	24	14	26	27
2	5	46	18	75	76	77	8	0	2	18	9	22	23	10	51	52	42	53	78	24	14	26	30
3	0	0	1	2	3	4	5	6	7	8	9	10	11	12	13	14	15	16
3	1	17	18	8	18	6	7	19	11	20	13	14	15	27
3	2	17	18	8	0	18	22	23	19	11	20	24	25	26	27
3	3	17	18	8	0	18	22	23	19	11	20	24	25	26	27
3	4	17	1	18	8	0	2	18	5	9	50	11	20	24	25	26	27
3	5	17	1	18	8	0	2	18	5	9	50	11	20	24	25	26	30
4	0	79	3	4	9	22	23	10	40	49	51	52	20	24	25	26	16
4	1	46	18	75	76	77	8	0	2	18	9	22	23	10	51	52	42	53	78	24	14	26	21
4	2	46	18	75	76	77	8	0	2	18	9	22	23	10	51	52	42	53	78	24	14	26	21
4	3	46	18	75	76	77	8	0	2	18	9	22	23	10	51	52	42	53	78	24	14	26	27
4	4	57	51	52	78	24	14	15	27
4	5	57	51	52	78	24	14	15	21
4	6	57	51	52	78	24	14	15	21
4	7	46	18	8	47	0	2	18	48	49	50	51	52	42	53	12	13	14	26	27
4	8	57	5	58	22	23	49	19	51	52	59	60	12	13	14	26	27
4	9	57	5	58	22	23	49	19	51	52	59	60	12	13	14	26	30
5	0	1	80	3	4	5	8	9	58	37	38	22	23	81	10	40	49	41	20	24	14	26	16
5	1	17	1	18	18	33	5	67	22	23	10	49	68	69	20	13	14	26	27
5	2	17	18	8	0	2	6	7	82	83	20	13	63	15	30
6	0	57	0	1	84	2	3	4	5	85	86	22	23	19	87	78	24	63	15	16
6	1	17	18	86	88	2	18	58	49	19	87	78	24	14	26	54
6	2	17	18	8	28	5	19	87	20	13	14	26	27
6	3	17	18	8	0	2	85	49	19	59	60	20	13	14	26	54
6	4	17	18	8	28	5	19	87	20	13	14	26	27
6	5	17	18	8	18	6	7	19	11	20	13	14	15	27
6	6	17	18	8	0	18	19	11	20	13	63	15	55
6	7	17	18	8	0	2	85	49	19	59	60	20	13	14	26	27
6	8	17	89	70	18	64	34	19	90	20	13	63	15	91
6	9	17	18	8	0	2	85	49	19	59	60	20	13	14	26	27
6	10	17	89	70	18	64	34	19	90	20	13	63	15	55
6	11	17	18	8	28	5	19	87	20	13	14	26	27
6	12	17	18	8	0	18	19	11	20	13	63	15	27
6	13	17	18	8	18	6	7	19	11	20	13	14	15	54
6	14	17	18	8	28	5	19	87	20	13	14	26	30
7	0	1	3	4	8	22	23	61	62	40	41	20	13	63	15	16
7	1	17	18	5	6	7	9	61	62	51	52	20	13	63	15	27
7	2	46	18	8	47	0	2	18	48	49	50	51	52	42	53	12	13	14	26	30
8	0	0	1	2	3	4	5	6	7	8	9	10	11	12	13	14	15	16
8	1	17	18	8	18	6	7	19	11	20	13	14	15	27
8	2	17	18	8	0	18	22	23	19	11	20	24	25	26	30
9	0	79	3	4	9	22	23	10	40	49	51	52	20	24	25	26	16
9	1	46	18	75	76	77	8	0	2	18	9	22	23	10	51	52	42	53	78	24	14	26	27
9	2	57	8	92	18	93	9	94	20	13	44	15	27
9	3	57	51	52	78	24	14	15	27
9	4	46	18	8	47	0	2	18	48	49	50	51	52	42	53	12	13	14	26	27
9	5	17	18	5	6	7	9	61	62	51	52	20	13	63	15	27
9	6	57	18	8	92	18	9	39	50	95	20	13	44	15	27
9	7	57	8	92	18	93	9	94	20	13	44	15	30
10	0	31	1	32	3	71	65	96	97	6	7	8	9	48	37	38	22	23	10	39	50	98	99	43	44	45	16
10	1	57	100	97	8	18	48	39	101	82	12	13	44	15	27
10	2	8	6	7	101	82	78	24	14	15	27
10	3	57	18	6	7	101	82	20	13	63	15	27
10	4	8	6	7	101	82	78	24	14	15	30
11	0	8	39	41	42	12	43	44	45	16
11	1	46	18	8	47	0	2	18	48	49	50	51	52	42	53	12	13	14	26	27
11	2	17	18	8	86	88	18	102	103	42	53	78	24	14	15	27
11	3	46	8	18	28	19	90	11	20	13	14	15	27
11	4	17	18	5	10	103	49	42	53	20	13	14	26	30
12	0	1	3	4	8	22	23	61	62	40	41	20	13	63	15	16
12	1	17	18	5	6	7	9	61	62	51	52	20	13	63	15	27
12	2	17	18	8	0	2	6	7	82	83	20	13	63	15	27
12	3	46	18	18	9	67	58	22	23	61	62	10	49	68	69	78	24	14	26	27
12	4	46	18	75	76	77	8	0	2	18	9	22	23	10	51	52	42	53	78	24	14	26	27
12	5	46	1	18	8	18	33	5	67	49	68	69	78	24	25	26	27
12	6	46	18	18	9	68	69	20	13	63	15	27
12	7	57	5	58	22	23	49	19	51	52	59	60	12	13	14	26	30
13	0	1	3	4	8	22	23	61	62	40	41	20	13	63	15	16
13	1	17	18	5	6	7	9	61	62	51	52	20	13	63	15	27
13	2	46	18	8	47	0	2	18	48	49	50	51	52	42	53	12	13	14	26	30
14	0	1	32	2	3	4	104	6	7	8	85	48	67	105	10	39	94	12	43	106	45	16
14	1	46	18	8	18	6	7	9	73	107	94	20	13	63	15	27
14	2	17	8	70	18	6	7	95	12	13	44	15	27
14	3	17	18	8	0	2	6	7	82	83	20	13	63	15	27
14	4	17	8	70	18	6	7	95	12	13	44	15	30
15	0	3	4	9	85	108	12	13	63	15	16
15	1	17	8	18	71	6	7	61	62	108	12	13	63	15	27
15	2	46	8	18	64	34	101	108	20	13	63	15	27
15	3	46	18	8	18	6	7	9	48	109	110	12	13	44	15	56
15	4	17	18	70	18	6	7	111	109	110	12	43	44	15	30
16	0	17	1	32	3	96	6	7	8	48	22	23	10	39	112	12	43	44	45	16
16	1	57	8	92	32	71	35	39	19	112	20	13	63	45	27
16	2	57	8	32	18	71	96	6	7	39	112	12	13	63	45	30
17	0	17	1	3	5	8	22	23	112	20	13	63	15	16
17	1	57	8	92	32	71	35	39	19	112	20	13	63	45	27
17	2	17	8	32	35	39	112	20	13	63	15	27
17	3	17	8	18	28	6	7	113	112	20	13	63	15	27
17	4	17	8	0	18	28	6	7	19	112	20	13	14	15	27
17	5	17	8	0	112	78	13	63	15	27
17	6	57	8	32	18	6	7	111	39	112	20	13	63	45	27
17	7	57	8	32	35	39	112	20	13	63	45	27
17	8	17	8	0	2	18	112	20	13	63	15	27
17	9	17	8	18	6	7	112	20	13	63	15	30
18	0	17	1	3	5	8	22	23	112	20	13	63	15	16
18	1	57	8	92	32	71	35	39	19	112	20	13	63	45	27
18	2	17	8	18	6	7	112	20	13	63	15	27
18	3	17	8	0	2	18	112	20	13	63	15	27
18	4	57	8	32	35	39	112	20	13	63	45	27
18	5	57	8	32	18	6	7	111	39	112	20	13	63	45	27
18	6	17	8	0	112	78	13	63	15	27
18	7	17	8	0	18	28	6	7	19	112	20	13	14	15	27
18	8	17	8	18	28	6	7	113	112	20	13	63	15	27
18	9	17	8	32	35	39	112	20	13	63	15	30
19	0	1	3	93	65	66	85	40	114	20	13	44	15	16
19	1	17	8	102	115	12	13	63	15	27
19	2	57	8	35	39	19	101	20	13	44	15	27
19	3	57	18	8	86	88	18	28	6	7	101	20	13	44	15	27
19	4	46	97	86	88	18	48	61	62	110	20	13	44	15	30
20	0	3	97	6	7	9	67	22	23	40	41	19	20	13	63	15	16
20	1	57	5	58	22	23	49	19	51	52	59	60	12	13	14	26	27
20	2	17	18	8	18	6	7	19	11	20	13	14	15	30
21	0	1	32	80	3	28	64	71	96	97	8	72	35	39	40	41	90	12	43	106	45	16
21	1	17	8	70	32	102	64	34	6	7	72	35	39	90	74	12	43	44	45	54
21	2	17	70	102	64	72	73	74	99	43	44	15	27
21	3	17	66	8	89	70	31	64	71	34	6	7	72	74	99	116	44	45	54
21	4	17	70	102	64	72	73	74	99	43	44	15	30
22	0	0	1	2	3	4	5	6	7	8	9	10	11	12	13	14	15	16
22	1	17	18	8	18	6	7	19	11	20	13	14	15	54
22	2	17	18	8	0	18	19	11	20	13	63	15	55
22	3	17	18	8	0	2	85	49	19	59	60	20	13	14	26	56
22	4	57	18	117	18	28	5	36	22	23	49	19	59	60	20	13	14	26	30
23	0	79	1	3	4	5	65	8	40	118	20	24	25	26	16
23	1	46	47	5	103	118	20	24	25	26	27
23	2	57	34	103	118	20	13	14	15	30
24	0	1	32	80	3	28	64	71	96	97	8	72	35	39	40	41	90	12	43	106	45	16
24	1	17	8	70	32	102	64	34	6	7	72	35	39	90	74	12	43	44	45	27
24	2	17	70	32	64	34	72	90	74	12	43	44	45	27
24	3	57	8	18	64	6	7	72	36	73	61	62	90	74	20	13	44	45	27
24	4	17	70	32	64	34	72	90	74	12	43	44	45	30
25	0	70	31	32	3	33	64	65	96	6	7	8	9	35	105	37	38	41	95	99	116	106	119	16
25	1	46	8	89	31	32	6	7	35	39	95	12	43	44	45	27
25	2	46	47	18	5	107	95	120	121	12	13	63	15	27
25	3	17	18	5	6	7	9	61	62	51	52	20	13	63	15	27
25	4	46	18	85	111	95	20	13	14	15	30
26	0	1	3	4	8	22	23	61	62	40	41	20	13	63	15	16
26	1	17	18	5	6	7	9	61	62	51	52	20	13	63	15	27
26	2	46	18	8	47	0	2	18	48	49	50	51	52	42	53	12	13	14	26	30
27	0	1	32	3	4	71	104	97	6	7	8	9	111	58	37	38	22	23	39	40	107	41	113	110	12	43	44	45	16
27	1	8	70	18	71	111	48	109	110	12	43	44	15	54
27	2	8	70	18	71	111	48	109	110	12	43	44	15	21
27	3	57	102	61	62	110	115	12	13	14	26	30
28	0	0	2	3	4	5	97	9	48	40	122	123	20	13	63	15	16
28	1	17	0	2	124	20	13	63	15	27
28	2	17	18	86	88	0	2	18	125	124	20	24	63	15	27
28	3	46	18	2	102	5	124	12	13	14	15	27
28	4	46	86	88	18	5	124	20	13	14	15	27
28	5	57	18	124	20	13	63	15	27
28	6	46	18	18	5	124	20	13	63	26	27
28	7	46	8	18	9	111	107	124	20	13	63	15	30
29	0	1	3	93	4	5	97	6	7	10	40	11	20	13	63	15	16
29	1	17	18	8	18	6	7	19	11	20	13	14	15	27
29	2	46	18	75	76	77	8	18	93	6	7	11	78	24	14	15	27
29	3	17	18	8	0	18	19	11	20	13	63	15	27
29	4	46	18	8	0	18	6	7	85	61	62	113	11	78	13	63	15	27
29	5	46	8	18	28	19	90	11	20	13	14	15	30
30	0	0	1	2	3	93	28	4	5	75	104	66	6	7	8	9	86	37	38	22	23	39	40	19	11	87	113	20	13	63	15	16
30	1	17	18	8	18	6	7	19	11	20	13	14	15	27
30	2	100	18	8	86	88	0	84	2	5	6	7	9	85	19	59	60	78	13	63	26	30
31	0	79	3	5	8	9	67	113	126	78	24	25	15	16
31	1	46	18	8	18	113	78	24	25	15	27
31	2	46	18	8	0	18	6	7	85	61	62	113	11	78	13	63	15	30
32	0	1	3	4	86	22	23	61	62	127	12	13	63	15	16
32	1	46	127	20	13	25	26	27
32	2	46	107	127	20	24	14	26	30
33	0	31	1	32	64	71	65	96	6	7	8	72	39	128	99	43	44	119	16
33	1	17	66	8	89	70	31	64	71	34	65	96	72	48	39	74	99	116	106	119	21
33	2	17	89	70	18	64	71	65	74	12	43	63	15	30
34	0	3	65	104	66	8	9	22	23	101	12	43	63	15	16
34	1	46	8	18	6	7	9	101	82	20	13	63	15	27
34	2	57	18	6	7	101	82	20	13	63	15	27
34	3	57	100	97	8	18	48	39	101	82	12	13	44	15	30
35	0	1	3	4	8	22	23	61	62	40	41	20	13	63	15	16
35	1	17	18	5	6	7	9	61	62	51	52	20	13	63	15	27
35	2	46	18	8	47	0	2	18	48	49	50	51	52	42	53	12	13	14	26	30
36	0	3	5	71	96	97	8	9	85	111	48	58	10	39	103	114	129	124	130	110	78	24	14	15	16
36	1	57	18	8	93	71	6	7	111	109	110	78	24	14	15	54
36	2	8	70	18	71	111	48	109	110	12	43	44	15	30
37	0	3	93	4	97	8	9	85	40	129	124	130	109	20	13	63	15	16
37	1	46	18	8	18	6	7	9	48	109	110	12	13	44	15	21
37	2	57	102	61	62	110	115	12	13	14	26	30
38	0	3	93	65	66	97	22	23	103	40	101	20	13	63	15	16
38	1	46	97	8	18	9	48	131	101	20	13	63	15	54
38	2	57	100	97	8	18	48	39	101	82	12	13	44	15	54
38	3	17	8	70	18	102	64	6	7	107	101	12	43	44	15	54
38	4	17	8	70	18	102	64	6	7	107	101	12	43	44	15	27
38	5	17	70	64	34	6	7	107	101	12	43	44	45	30
39	0	1	3	93	4	6	7	8	132	9	86	22	23	40	41	19	113	20	13	44	15	16
39	1	17	102	64	34	6	7	19	113	12	13	63	45	27
39	2	17	8	0	18	28	6	7	19	112	20	13	14	15	27
39	3	57	8	92	32	18	6	7	111	73	61	62	39	113	112	20	13	63	45	27
39	4	57	5	58	22	23	49	19	51	52	59	60	12	13	14	26	27
39	5	17	18	8	18	6	7	19	11	20	13	14	15	54
39	6	17	18	8	0	18	19	11	20	13	63	15	54
39	7	17	0	2	28	49	19	12	13	63	26	54
39	8	17	8	32	6	7	35	39	19	12	43	63	15	55
39	9	17	18	8	0	2	85	49	19	59	60	20	13	14	26	30
40	0	3	65	104	66	8	9	22	23	101	12	43	63	15	16
40	1	46	8	18	6	7	9	101	82	20	13	63	15	54
40	2	57	100	97	8	18	48	39	101	82	12	13	44	15	27
40	3	46	97	8	18	5	6	7	9	48	101	12	13	63	15	27
40	4	46	8	18	6	7	101	20	13	44	15	30
41	0	0	1	2	3	28	4	5	97	8	48	37	38	22	23	40	49	19	20	13	63	15	16
41	1	17	8	0	18	28	6	7	19	112	20	13	14	15	27
41	2	57	8	92	32	71	35	39	19	112	20	13	63	45	30
42	0	2	3	33	93	4	75	104	66	97	6	7	8	86	22	23	39	40	49	19	11	87	20	13	44	15	16
42	1	17	18	8	18	6	7	19	11	20	13	14	15	54
42	2	17	18	8	0	18	19	11	20	13	63	15	54
42	3	17	18	8	0	18	19	11	20	13	63	15	27
42	4	57	8	18	96	6	7	48	39	19	101	20	13	63	15	27
42	5	17	18	8	0	18	28	6	7	107	19	20	13	63	15	27
42	6	57	8	92	32	71	35	39	19	112	20	13	63	45	27
42	7	57	5	58	22	23	49	19	51	52	59	60	12	13	14	26	27
42	8	57	8	70	18	28	6	7	9	19	20	13	44	15	27
42	9	17	8	18	6	7	19	20	13	63	15	27
42	10	17	0	2	28	49	19	12	13	63	26	30
43	0	1	32	80	3	65	6	7	8	35	67	61	62	103	40	90	113	12	43	44	45	16
43	1	17	8	70	32	102	64	34	6	7	72	35	39	90	74	12	43	44	45	27
43	2	17	8	70	18	64	71	34	6	7	90	12	43	44	45	30
44	0	0	1	2	3	4	5	6	7	8	9	10	11	12	13	14	15	16
44	1	17	18	8	18	6	7	19	11	20	13	14	15	21
44	2	17	18	8	0	18	22	23	19	11	20	24	25	26	55
44	3	17	18	8	0	2	85	49	19	59	60	20	13	14	26	27
44	4	46	18	8	0	18	6	7	85	61	62	113	11	78	13	63	15	30
45	0	1	3	6	7	8	9	105	22	23	19	112	12	43	63	45	16
45	1	57	8	92	32	71	35	39	19	112	20	13	63	45	21
45	2	17	8	0	18	28	6	7	19	112	20	13	14	15	21
45	3	17	18	8	28	5	19	87	20	13	14	26	27
45	4	17	18	86	88	2	18	58	49	19	87	78	24	14	26	133
45	5	57	18	86	88	0	84	2	18	5	9	87	59	60	78	24	14	26	55
45	6	100	18	8	86	88	0	84	2	5	6	7	9	85	19	59	60	78	13	63	26	30
46	0	17	1	32	3	96	6	7	8	48	22	23	10	39	112	12	43	44	45	16
46	1	57	8	92	32	71	35	39	19	112	20	13	63	45	27
46	2	57	8	32	18	71	96	6	7	39	112	12	13	63	45	27
46	3	57	8	32	18	71	6	7	39	112	12	43	44	15	30
47	0	1	65	6	7	8	9	10	134	12	13	63	15	16
47	1	57	8	28	6	7	134	135	20	13	14	15	54
47	2	57	34	134	20	13	63	15	30
48	0	2	3	93	5	97	8	9	22	23	61	62	10	120	110	20	13	44	15	16
48	1	46	18	8	18	6	7	9	48	109	110	12	13	44	15	54
48	2	8	70	18	71	111	48	109	110	12	43	44	15	91
48	3	57	18	86	88	18	93	125	109	110	20	13	63	15	133
48	4	17	8	70	61	62	109	110	78	24	14	15	30
49	0	57	0	1	84	2	3	4	5	85	86	22	23	19	87	78	24	63	15	16
49	1	17	18	86	88	2	18	58	49	19	87	78	24	14	26	54
49	2	17	18	8	28	5	19	87	20	13	14	26	55
49	3	17	18	86	88	2	18	58	49	19	87	78	24	14	26	54
49	4	17	18	8	28	5	19	87	20	13	14	26	30
50	0	1	32	3	4	71	104	97	6	7	8	9	111	58	37	38	22	23	39	40	107	41	113	110	12	43	44	45	16
50	1	8	70	18	71	111	48	109	110	12	43	44	15	54
50	2	8	70	18	71	111	48	109	110	12	43	44	15	56
50	3	17	18	70	18	6	7	111	109	110	12	43	44	15	30
51	0	70	31	1	32	3	28	64	96	97	8	132	9	72	48	105	37	38	128	99	116	106	45	16
51	1	17	66	8	89	70	31	64	71	34	65	96	72	48	39	74	99	116	106	119	21
51	2	17	89	70	18	64	71	65	74	12	43	63	15	56
51	3	17	70	102	64	34	72	74	12	43	44	15	30
52	0	96	97	8	85	111	48	36	37	38	22	23	39	41	78	24	14	15	16
52	1	57	51	52	78	24	14	15	27
52	2	46	18	18	85	67	107	107	68	20	13	63	15	27
52	3	57	51	52	78	24	14	15	30
53	0	1	3	4	8	22	23	61	62	40	41	20	13	63	15	16
53	1	17	18	5	6	7	9	61	62	51	52	20	13	63	15	27
53	2	46	18	8	47	0	2	18	48	49	50	51	52	42	53	12	13	14	26	30
54	0	31	1	3	93	4	65	66	97	8	37	38	39	40	19	87	20	13	63	15	16
54	1	17	18	8	28	5	19	87	20	13	14	26	27
54	2	46	8	18	28	19	90	11	20	13	14	15	27
54	3	17	8	0	18	28	6	7	19	112	20	13	14	15	27
54	4	57	8	92	32	71	35	39	19	112	20	13	63	45	27
54	5	17	18	86	88	2	18	58	49	19	87	78	24	14	26	54
54	6	17	18	8	28	5	19	87	20	13	14	26	27
54	7	57	5	58	22	23	49	19	51	52	59	60	12	13	14	26	54
54	8	17	0	2	28	49	19	12	13	63	26	27
54	9	17	18	75	76	77	8	18	6	7	19	20	13	44	15	27
54	10	17	102	64	34	6	7	19	113	12	13	63	45	27
54	11	57	8	35	39	19	101	20	13	44	15	27
54	12	57	8	70	18	28	6	7	9	19	20	13	44	15	30
55	0	2	3	33	93	4	75	104	66	97	6	7	8	86	22	23	39	40	49	19	11	87	20	13	44	15	16
55	1	17	18	8	18	6	7	19	11	20	13	14	15	21
55	2	17	18	8	0	18	22	23	19	11	20	24	25	26	30
56	0	31	32	93	64	96	97	8	72	48	61	62	39	19	113	112	12	43	44	45	16
56	1	57	8	92	32	71	35	39	19	112	20	13	63	45	21
56	2	17	8	0	18	28	6	7	19	112	20	13	14	15	27
56	3	17	18	8	28	5	19	87	20	13	14	26	27
56	4	46	8	18	28	19	90	11	20	13	14	15	30
57	0	1	32	3	96	8	22	23	39	113	112	12	43	63	45	16
57	1	57	8	92	32	18	6	7	111	73	61	62	39	113	112	20	13	63	45	27
57	2	17	8	18	28	6	7	113	112	20	13	63	15	27
57	3	17	18	5	50	113	112	136	12	13	14	15	27
57	4	17	8	0	18	28	6	7	19	112	20	13	14	15	27
57	5	17	102	64	34	6	7	19	113	12	13	63	45	27
57	6	17	8	0	18	28	6	7	19	112	20	13	14	15	27
57	7	17	8	0	18	28	6	7	19	112	20	13	14	15	27
57	8	17	18	5	50	113	112	136	12	13	14	15	27
57	9	17	18	5	50	113	112	136	12	13	14	15	27
57	10	17	18	5	50	113	112	136	12	13	14	15	27
57	11	17	18	5	50	113	112	136	12	13	14	15	27
57	12	17	18	5	50	113	112	136	12	13	14	15	27
57	13	17	18	5	50	113	112	136	12	13	14	15	27
57	14	17	18	5	50	113	112	136	12	13	14	15	30
58	0	31	32	93	64	96	97	8	72	48	61	62	39	19	113	112	12	43	44	45	16
58	1	57	8	92	32	71	35	39	19	112	20	13	63	45	27
58	2	17	102	64	34	6	7	19	113	12	13	63	45	30
59	0	31	32	93	64	96	97	8	72	48	61	62	39	19	113	112	12	43	44	45	16
59	1	57	8	92	32	71	35	39	19	112	20	13	63	45	27
59	2	17	113	112	20	24	14	15	30
60	0	31	32	93	64	96	97	8	72	48	61	62	39	19	113	112	12	43	44	45	16
60	1	57	8	92	32	71	35	39	19	112	20	13	63	45	27
60	2	17	18	8	28	5	19	87	20	13	14	26	30
61	0	31	32	93	64	96	97	8	72	48	61	62	39	19	113	112	12	43	44	45	16
61	1	57	8	92	32	71	35	39	19	112	20	13	63	45	27
61	2	57	8	92	32	18	6	7	111	73	61	62	39	113	112	20	13	63	45	30
62	0	31	32	93	64	96	97	8	72	48	61	62	39	19	113	112	12	43	44	45	16
62	1	57	8	92	32	71	35	39	19	112	20	13	63	45	27
62	2	17	8	0	18	28	6	7	19	112	20	13	14	15	30
63	0	31	32	93	64	96	97	8	72	48	61	62	39	19	113	112	12	43	44	45	16
63	1	57	8	92	32	71	35	39	19	112	20	13	63	45	27
63	2	17	8	18	28	6	7	113	112	20	13	63	15	30
64	0	0	1	2	3	28	4	5	97	8	48	37	38	22	23	40	49	19	20	13	63	15	16
64	1	17	8	0	18	28	6	7	19	112	20	13	14	15	27
64	2	17	18	8	0	18	22	23	19	11	20	24	25	26	30
65	0	33	64	6	7	111	48	67	39	137	78	24	14	15	16
65	1	57	8	32	6	7	35	39	103	138	78	24	14	15	55
65	2	57	8	32	6	7	35	39	103	138	78	24	14	15	54
65	3	57	8	32	6	7	35	39	103	138	78	24	14	15	27
65	4	17	32	71	48	139	99	43	44	45	27
65	5	46	1	33	5	58	140	20	13	14	26	30
66	0	31	1	32	3	4	64	65	66	96	6	7	8	48	35	37	38	39	40	141	12	43	44	45	16
66	1	57	66	8	89	31	32	64	71	34	65	96	6	7	72	48	39	141	99	116	106	119	54
66	2	57	66	8	89	31	32	64	71	34	65	96	6	7	72	48	39	141	99	116	106	119	27
66	3	17	8	70	31	32	64	71	6	7	39	141	99	43	44	45	27
66	4	46	8	89	31	32	64	71	65	96	6	7	72	48	141	99	116	106	119	27
66	5	46	8	89	31	32	64	71	34	65	72	141	142	140	99	43	44	45	27
66	6	17	8	70	31	32	33	64	71	34	6	7	111	72	48	67	73	141	101	140	99	116	106	119	27
66	7	17	66	8	89	70	31	18	64	71	34	65	6	7	72	48	67	141	99	116	44	119	27
66	8	46	66	89	32	64	71	34	6	7	72	107	141	140	12	43	63	45	27
66	9	17	8	89	70	31	18	64	71	34	65	6	7	72	73	141	12	43	44	45	27
66	10	17	70	32	64	71	34	65	6	7	111	72	48	141	101	99	43	44	45	27
66	11	57	66	8	89	32	64	71	65	72	35	67	39	141	99	116	106	119	30
67	0	1	32	3	93	4	96	97	6	7	8	67	22	23	10	39	40	50	19	87	12	43	44	45	16
67	1	17	18	8	28	5	19	87	20	13	14	26	54
67	2	57	5	58	22	23	49	19	51	52	59	60	12	13	14	26	54
67	3	17	0	2	28	49	19	12	13	63	26	54
67	4	17	18	8	28	5	19	87	20	13	14	26	54
67	5	57	5	58	22	23	49	19	51	52	59	60	12	13	14	26	30
68	0	1	3	33	4	8	111	48	139	78	24	14	15	16
68	1	46	18	47	5	58	143	139	140	20	24	14	26	54
68	2	17	1	18	5	107	140	142	20	13	14	26	30
69	0	8	39	41	42	12	43	44	45	16
69	1	46	18	8	47	0	2	18	48	49	50	51	52	42	53	12	13	14	26	27
69	2	17	18	5	10	103	49	42	53	20	13	14	26	30
70	0	31	1	32	3	93	28	4	64	71	65	96	8	72	48	35	67	39	90	113	12	43	44	45	16
70	1	57	8	92	32	18	64	71	34	6	7	72	39	113	12	43	44	45	27
70	2	57	18	8	32	72	35	36	39	113	12	43	44	45	133
70	3	17	8	35	113	20	24	14	26	30
71	0	0	2	3	93	4	5	8	48	10	40	124	130	94	123	20	13	63	15	16
71	1	17	0	2	124	20	13	63	15	54
71	2	57	18	5	6	7	9	48	125	124	99	43	44	15	55
71	3	17	86	88	18	122	107	124	20	13	14	26	30
72	0	1	3	6	7	8	9	105	22	23	19	112	12	43	63	45	16
72	1	57	8	92	32	71	35	39	19	112	20	13	63	45	27
72	2	57	100	75	76	77	97	8	92	32	18	93	71	6	7	48	112	12	43	63	45	30
73	0	1	22	23	39	40	131	20	13	63	15	16
73	1	46	97	8	18	9	48	131	101	20	13	63	15	27
73	2	57	18	8	92	89	18	9	48	39	131	12	13	63	15	30
74	0	0	1	2	3	28	4	5	97	8	48	37	38	22	23	40	49	19	20	13	63	15	16
74	1	17	8	0	18	28	6	7	19	112	20	13	14	15	27
74	2	17	18	8	0	18	19	11	20	13	63	15	27
74	3	17	18	8	18	6	7	19	11	20	13	14	15	27
74	4	57	18	0	28	6	7	19	121	20	13	63	15	27
74	5	17	18	8	18	6	7	19	11	20	13	14	15	27
74	6	17	18	8	0	18	19	11	20	13	63	15	30
75	0	57	79	1	3	33	4	5	8	101	82	78	24	14	15	16
75	1	17	1	18	5	101	82	78	24	14	15	27
75	2	57	100	97	8	18	48	39	101	82	12	13	44	15	30
76	0	1	32	3	4	71	104	97	6	7	8	9	111	58	37	38	22	23	39	40	107	41	113	110	12	43	44	45	16
76	1	8	70	18	71	111	48	109	110	12	43	44	15	54
76	2	8	70	18	71	111	48	109	110	12	43	44	15	27
76	3	17	70	64	34	72	113	83	12	43	44	45	30
77	0	31	1	32	96	97	8	48	98	12	43	44	45	16
77	1	57	100	97	8	18	48	39	101	82	12	13	44	15	54
77	2	17	8	70	18	102	64	6	7	107	101	12	43	44	15	30
78	0	3	93	4	65	104	66	97	8	86	48	22	23	40	49	131	20	13	63	15	16
78	1	46	97	8	18	9	48	131	101	20	13	63	15	54
78	2	57	100	97	8	18	48	39	101	82	12	13	44	15	54
78	3	17	8	70	18	102	64	6	7	107	101	12	43	44	15	54
78	4	17	70	32	64	71	34	65	6	7	111	72	48	141	101	99	43	44	45	54
78	5	17	8	70	31	32	33	64	71	34	6	7	111	72	48	67	73	141	101	140	99	116	106	119	54
78	6	17	70	32	64	71	34	65	6	7	111	72	48	141	101	99	43	44	45	54
78	7	17	8	70	18	102	64	6	7	107	101	12	43	44	15	54
78	8	17	70	32	64	71	34	65	6	7	111	72	48	141	101	99	43	44	45	30
79	0	70	31	1	32	3	28	64	96	97	8	132	9	72	48	105	37	38	128	99	116	106	45	16
79	1	17	66	8	89	70	31	64	71	34	65	96	72	48	39	74	99	116	106	119	21
79	2	17	89	70	18	64	71	65	74	12	43	63	15	27
79	3	57	18	86	88	18	125	109	110	74	20	13	14	15	27
79	4	17	70	102	64	34	72	74	12	43	44	15	27
79	5	17	18	34	74	20	13	63	15	27
79	6	17	70	102	64	72	73	74	99	43	44	15	27
79	7	17	70	64	71	34	65	9	72	73	74	12	43	44	45	27
79	8	17	66	8	89	70	31	64	71	34	6	7	72	74	99	116	44	45	27
79	9	17	8	70	34	65	72	107	74	12	43	63	15	54
79	10	17	70	102	64	34	72	74	12	43	44	15	27
79	11	17	66	8	89	70	31	64	71	34	65	96	72	48	39	74	99	116	106	119	30
80	0	79	1	3	4	5	97	9	85	111	22	23	10	107	120	12	13	44	15	16
80	1	46	47	18	5	107	95	120	121	12	13	63	15	21
80	2	46	37	38	5	6	7	9	48	49	121	20	13	63	26	27
80	3	46	18	75	76	77	8	84	18	93	6	7	121	78	24	14	26	30
81	0	4	6	7	67	105	22	23	131	128	12	13	63	15	16
81	1	46	97	8	18	9	48	131	101	20	13	63	15	21
81	2	46	97	8	18	9	48	131	101	20	13	63	15	133
81	3	57	100	97	8	18	48	39	101	82	12	13	44	15	30
82	0	3	4	5	137	139	20	13	14	26	16
82	1	46	18	47	5	58	143	139	140	20	24	14	26	54
82	2	17	1	18	5	107	140	142	20	13	14	26	30
83	0	79	3	33	4	5	48	82	12	13	63	15	16
83	1	57	100	97	8	18	48	39	101	82	12	13	44	15	27
83	2	46	8	18	6	7	9	101	82	20	13	63	15	27
83	3	57	18	6	7	101	82	20	13	63	15	27
83	4	46	18	0	2	5	101	82	20	24	14	15	54
83	5	46	18	86	88	0	2	28	6	7	101	82	20	13	14	15	54
83	6	57	18	6	7	101	82	20	13	63	15	30
84	0	22	23	61	62	101	78	24	14	15	16
84	1	17	18	8	0	2	28	6	7	101	82	78	24	14	15	133
84	2	57	18	8	0	2	50	101	82	78	24	14	26	30
85	0	1	32	3	64	34	65	66	96	8	9	61	62	10	39	40	118	12	43	44	45	16
85	1	57	39	118	12	13	63	15	54
85	2	57	39	118	12	13	63	15	27
85	3	57	34	103	118	20	13	14	15	27
85	4	17	8	118	20	24	14	26	27
85	5	57	39	118	12	13	63	15	55
85	6	57	39	118	12	13	63	15	56
85	7	57	34	103	118	20	13	14	15	30
86	0	31	1	32	93	96	6	7	8	22	23	61	62	39	19	113	112	12	43	44	45	16
86	1	57	8	92	32	71	35	39	19	112	20	13	63	45	54
86	2	17	0	2	28	49	19	12	13	63	26	27
86	3	17	18	75	76	77	8	18	6	7	19	20	13	44	15	54
86	4	17	0	2	28	49	19	12	13	63	26	30
87	0	17	1	32	3	96	6	7	8	48	22	23	10	39	112	12	43	44	45	16
87	1	57	8	92	32	71	35	39	19	112	20	13	63	45	27
87	2	17	8	32	18	71	96	6	7	48	39	112	12	43	63	45	30
88	0	17	1	32	3	96	6	7	8	48	22	23	10	39	112	12	43	44	45	16
88	1	57	8	92	32	71	35	39	19	112	20	13	63	45	27
88	2	17	8	32	18	71	96	6	7	48	39	112	12	43	63	45	30
89	0	70	31	1	32	3	28	64	96	97	8	132	9	72	48	105	37	38	128	99	116	106	45	16
89	1	17	66	8	89	70	31	64	71	34	65	96	72	48	39	74	99	116	106	119	27
89	2	17	8	70	32	102	64	34	6	7	72	35	39	90	74	12	43	44	45	27
89	3	17	70	64	71	34	65	9	72	73	74	12	43	44	45	27
89	4	46	8	89	32	18	64	6	7	72	73	39	74	20	13	44	45	27
89	5	17	66	8	89	70	31	64	71	34	6	7	72	74	99	116	44	45	27
89	6	17	70	102	64	72	73	74	99	43	44	15	27
89	7	17	70	32	64	34	72	90	74	12	43	44	45	27
89	8	57	75	76	77	97	8	92	32	18	93	64	96	6	7	111	48	73	39	131	20	13	44	45	27
89	9	57	8	64	71	96	48	39	131	12	43	44	45	27
89	10	17	8	70	18	64	65	6	7	9	22	23	131	12	43	63	15	30
90	0	1	3	93	4	5	104	97	6	7	8	9	86	48	98	82	20	24	63	15	16
90	1	46	8	18	6	7	9	101	82	20	13	63	15	27
90	2	57	1	18	8	0	2	5	101	82	20	24	25	26	27
90	3	46	18	8	0	2	28	6	7	101	82	20	13	14	15	54
90	4	57	100	97	8	18	48	39	101	82	12	13	44	15	30
91	0	1	3	5	104	8	9	40	78	24	14	15	16
91	1	46	18	8	86	88	0	2	5	9	101	82	78	24	14	26	27
91	2	17	1	18	8	0	2	18	5	9	50	11	20	24	25	26	27
91	3	46	8	9	122	124	78	24	14	15	27
91	4	46	97	8	18	5	6	7	9	48	101	12	13	63	15	27
91	5	46	8	84	18	6	7	9	101	78	13	14	15	27
91	6	46	8	84	18	6	7	9	101	78	13	14	15	27
91	7	46	18	75	76	77	97	8	18	93	9	121	78	24	14	26	30
92	0	31	32	33	34	65	37	38	98	12	43	44	45	16
92	1	57	100	97	8	18	48	39	101	82	12	13	44	15	54
92	2	17	8	70	18	102	64	6	7	107	101	12	43	44	15	54
92	3	17	70	32	64	71	34	65	6	7	111	72	48	141	101	99	43	44	45	30
93	0	0	1	2	3	93	28	4	5	75	104	66	6	7	8	9	86	37	38	22	23	39	40	19	11	87	113	20	13	63	15	16
93	1	17	18	8	18	6	7	19	11	20	13	14	15	54
93	2	17	18	8	0	18	19	11	20	13	63	15	54
93	3	17	0	2	28	49	19	12	13	63	26	30
94	0	0	1	2	3	93	28	4	5	75	104	66	6	7	8	9	86	37	38	22	23	39	40	19	11	87	113	20	13	63	15	16
94	1	17	18	8	18	6	7	19	11	20	13	14	15	27
94	2	17	18	8	0	18	19	11	20	13	63	15	27
94	3	17	102	64	34	6	7	19	113	12	13	63	45	30
95	0	31	1	32	64	71	65	96	6	7	8	72	39	128	99	43	44	119	16
95	1	17	66	8	89	70	31	64	71	34	65	96	72	48	39	74	99	116	106	119	27
95	2	57	75	76	77	97	8	92	32	18	93	64	96	6	7	111	48	73	39	131	20	13	44	45	30
96	0	0	79	1	2	3	4	5	104	6	7	8	22	23	10	19	94	20	13	14	26	16
96	1	17	8	0	18	28	6	7	19	112	20	13	14	15	27
96	2	57	8	92	32	71	35	39	19	112	20	13	63	45	55
96	3	17	18	8	0	2	85	49	19	59	60	20	13	14	26	30
97	0	3	93	4	6	7	22	23	40	49	19	51	52	113	12	13	63	15	16
97	1	57	5	58	22	23	49	19	51	52	59	60	12	13	14	26	133
97	2	17	8	32	35	39	112	20	13	63	15	27
97	3	57	18	6	7	39	112	20	13	63	15	30
98	0	17	1	3	5	8	22	23	112	20	13	63	15	16
98	1	57	8	92	32	71	35	39	19	112	20	13	63	45	21
98	2	17	8	0	18	28	6	7	19	112	20	13	14	15	30
99	0	2	3	33	93	4	75	104	66	97	6	7	8	86	22	23	39	40	49	19	11	87	20	13	44	15	16
99	1	17	18	8	18	6	7	19	11	20	13	14	15	27
99	2	46	8	18	28	19	90	11	20	13	14	15	30
100	0	0	2	3	93	4	5	8	48	10	40	124	130	94	123	20	13	63	15	16
100	1	17	0	2	124	20	13	63	15	21
100	2	46	18	18	5	124	20	13	63	26	30
101	0	3	4	71	6	7	8	9	61	62	10	139	12	43	44	15	16
101	1	46	18	47	5	58	143	139	140	20	24	14	26	54
101	2	17	1	18	5	107	140	142	20	13	14	26	54
101	3	46	8	89	31	32	64	71	34	65	72	141	142	140	99	43	44	45	21
101	4	17	1	18	5	107	140	142	20	13	14	26	30
102	0	1	2	3	93	5	65	104	97	6	7	8	9	86	48	67	61	62	40	101	82	20	13	63	15	16
102	1	46	8	18	6	7	9	101	82	20	13	63	15	27
102	2	46	18	8	86	88	0	2	5	9	101	82	78	24	14	26	30
103	0	1	3	6	7	8	9	105	22	23	19	112	12	43	63	45	16
103	1	57	8	92	32	71	35	39	19	112	20	13	63	45	27
103	2	46	8	18	28	19	90	11	20	13	14	15	27
103	3	57	100	75	76	77	97	8	92	32	18	93	71	6	7	48	112	12	43	63	45	27
103	4	17	8	0	18	28	6	7	19	112	20	13	14	15	27
103	5	17	18	8	0	18	19	11	20	13	63	15	27
103	6	17	18	8	18	6	7	19	11	20	13	14	15	27
103	7	17	18	8	28	5	19	87	20	13	14	26	27
103	8	17	18	86	88	2	18	58	49	19	87	78	24	14	26	27
103	9	57	8	18	50	19	11	20	13	14	15	27
103	10	17	18	8	0	18	22	23	19	11	20	24	25	26	27
103	11	46	8	18	28	19	90	11	20	13	14	15	91
103	12	46	8	18	28	50	11	20	24	14	15	30
