0	0	0	1	2	3	4	5	6	7	8	9	10	11	12	13	14	15
0	1	16	17	18	19	20	21	22	23
0	2	24	25	6	17	26	19	20	13	22	23
0	3	24	25	6	17	26	19	20	13	22	27
1	0	0	1	2	3	4	5	6	7	8	9	10	11	12	13	14	15
1	1	16	17	18	19	20	21	22	23
1	2	28	17	29	30	0	2	31	4	5	18	32	19	20	21	22	23
1	3	28	17	29	30	0	2	31	4	5	18	32	19	20	21	22	27
2	0	33	1	34	3	35	36	6	37	38	39	40	41	42	43	22	15
2	1	28	17	6	44	0	2	17	37	45	46	47	48	49	50	41	20	21	14	23
2	2	28	1	17	6	17	51	52	53	45	54	55	11	12	56	14	27
3	0	0	33	1	34	36	4	5	6	57	8	38	58	40	41	42	13	22	15
3	1	16	7	59	11	12	21	22	60
3	2	28	17	61	39	62	17	63	7	64	65	66	19	20	13	22	67
3	3	16	7	59	11	12	21	22	23
3	4	16	6	68	35	4	5	38	69	11	12	21	22	27
4	0	34	3	36	7	37	57	8	39	40	70	19	20	13	22	15
4	1	16	6	17	71	72	73	18	19	20	13	22	74
4	2	16	17	0	2	18	32	19	12	21	14	74
4	3	16	17	0	2	18	32	19	12	21	14	74
4	4	16	17	0	2	18	32	19	12	21	14	75
4	5	16	6	17	71	72	73	18	19	20	13	22	75
4	6	16	6	17	71	72	73	18	19	20	13	22	75
4	7	16	6	17	71	72	73	18	19	20	13	22	75
4	8	28	17	6	29	30	0	2	31	4	5	18	32	19	12	21	14	27
5	0	0	1	51	71	72	76	36	4	5	6	77	46	58	78	79	19	42	80	81	15
5	1	28	17	44	31	79	82	19	12	56	14	23
5	2	16	6	17	73	4	5	7	83	58	18	79	19	12	13	22	23
5	3	16	6	17	73	4	5	7	83	58	18	79	19	12	13	22	23
5	4	24	6	84	17	71	73	4	5	83	38	79	19	12	80	22	23
5	5	16	6	17	73	4	5	7	83	58	18	79	19	12	13	22	23
5	6	28	6	17	71	73	18	79	19	20	13	22	23
5	7	16	6	17	73	4	5	7	83	58	18	79	19	12	13	22	27
6	0	1	3	6	7	39	65	19	20	13	14	15
6	1	24	17	6	0	17	65	85	19	20	13	22	23
6	2	24	17	6	17	4	5	65	85	19	20	21	22	23
6	3	24	17	6	0	17	86	34	65	85	19	12	56	14	23
6	4	87	17	6	29	30	0	88	2	52	4	5	7	89	65	9	10	11	20	13	14	27
7	0	0	68	2	31	4	5	6	90	69	11	20	80	22	15
7	1	24	6	0	17	31	4	5	65	69	19	20	21	22	23
7	2	24	6	68	4	5	38	69	41	20	13	81	27
8	0	1	3	6	7	39	65	19	20	13	14	15
8	1	24	17	6	0	17	65	85	19	20	13	22	23
8	2	24	17	6	0	17	86	34	65	85	19	12	56	14	23
8	3	24	17	6	0	17	65	85	19	20	13	22	23
8	4	24	17	6	0	17	65	85	19	20	13	22	23
8	5	24	17	6	0	17	65	85	19	20	13	22	23
8	6	24	17	6	0	17	86	34	65	85	19	12	56	14	23
8	7	24	17	6	0	17	86	34	65	85	19	12	56	14	23
8	8	24	17	6	0	17	86	34	65	85	19	12	56	14	23
8	9	24	17	6	0	17	86	34	65	85	19	12	56	14	23
8	10	24	17	6	17	4	5	65	85	19	20	21	22	27
9	0	1	34	51	6	53	77	8	46	40	54	55	19	20	21	14	15
9	1	24	1	17	17	51	52	53	86	34	8	45	54	55	19	20	21	14	67
9	2	24	1	17	17	51	52	53	86	34	8	45	54	55	19	20	21	14	67
9	3	24	1	17	17	51	52	53	86	34	8	45	54	55	19	20	21	14	67
9	4	28	17	17	7	53	57	86	34	91	77	8	45	54	55	11	12	21	14	27
10	0	1	34	51	6	53	77	8	46	40	54	55	19	20	21	14	15
10	1	24	1	17	17	51	52	53	86	34	8	45	54	55	19	20	21	14	74
10	2	28	17	17	7	54	55	19	20	13	22	74
10	3	28	17	17	7	54	55	19	20	13	22	67
10	4	28	17	17	7	53	57	86	34	91	77	8	45	54	55	11	12	21	14	27
11	0	33	68	3	71	72	4	5	6	92	77	38	93	94	19	20	80	81	15
11	1	16	6	17	71	4	5	95	92	96	91	77	93	94	19	20	80	81	74
11	2	24	6	84	68	97	71	73	4	5	95	90	38	93	94	41	42	80	81	74
11	3	24	84	97	71	95	96	94	98	42	80	22	27
12	0	33	1	34	3	35	36	6	37	38	39	40	41	42	43	22	15
12	1	24	84	97	71	73	95	94	41	42	80	22	74
12	2	24	84	97	71	95	96	94	98	42	80	22	27
13	0	3	73	6	7	89	40	9	10	99	11	12	13	14	15
13	1	16	52	57	86	34	45	65	47	48	9	10	41	20	21	14	67
13	2	87	17	6	29	30	0	88	2	52	4	5	7	89	65	9	10	11	20	13	14	100
13	3	87	17	6	29	30	0	88	2	52	4	5	7	89	65	9	10	11	20	13	14	23
13	4	28	17	6	44	0	2	17	37	45	46	47	48	49	50	41	20	21	14	23
13	5	24	17	6	0	17	65	85	19	20	13	22	27
14	0	33	68	34	71	6	83	37	57	101	98	42	80	81	15
14	1	28	36	6	17	7	37	101	18	19	20	13	22	60
14	2	28	29	30	63	71	73	4	5	58	99	101	18	11	12	21	22	67
14	3	28	36	6	17	7	37	101	18	19	20	13	22	27
15	0	1	34	3	97	73	4	5	6	83	8	99	19	20	13	22	15
15	1	24	17	6	84	17	71	73	4	5	83	93	19	20	13	22	23
15	2	16	25	6	73	4	5	90	38	46	18	19	20	13	22	27
16	0	102	59	41	20	21	14	15
16	1	28	17	2	97	52	102	41	20	21	22	74
16	2	16	17	52	4	5	7	37	103	102	98	42	80	22	27
17	0	1	34	3	97	73	4	5	6	83	8	99	19	20	13	22	15
17	1	24	17	6	84	17	71	73	4	5	83	93	19	20	13	22	67
17	2	1	6	104	105	31	52	7	106	93	19	20	13	14	74
17	3	24	17	6	84	17	71	73	4	5	83	93	19	20	13	22	107
17	4	24	17	6	84	17	71	73	4	5	83	93	19	20	13	22	100
17	5	24	108	84	17	71	73	65	93	19	20	13	22	27
18	0	1	76	4	5	6	53	86	8	109	41	20	13	22	15
18	1	16	38	109	41	20	13	22	60
18	2	16	38	109	41	20	13	22	23
18	3	28	64	109	19	20	21	22	75
18	4	28	17	44	109	19	20	21	14	74
18	5	16	38	109	41	20	13	22	27
19	0	1	36	6	57	110	41	20	13	22	15
19	1	28	17	44	52	57	111	110	112	19	12	21	14	74
19	2	24	1	17	52	58	112	113	19	20	21	14	74
19	3	28	6	108	33	68	71	72	73	76	95	114	113	112	98	42	80	81	23
19	4	24	113	41	20	21	22	27
20	0	0	1	68	3	4	5	6	77	115	57	38	49	50	11	12	21	22	15
20	1	28	17	61	39	62	6	0	2	17	7	86	34	8	47	48	49	50	11	12	21	14	74
20	2	28	17	6	44	0	2	17	37	45	46	47	48	49	50	41	20	21	14	27
21	0	33	68	34	71	6	83	37	57	101	98	42	80	81	15
21	1	28	36	6	17	7	37	101	18	19	20	13	22	74
21	2	16	87	36	6	17	37	38	18	32	41	20	80	22	74
21	3	24	6	84	17	97	71	4	5	58	18	41	42	80	22	74
21	4	16	87	36	6	17	37	38	18	32	41	20	80	22	74
21	5	16	87	36	6	17	37	38	18	32	41	20	80	22	74
21	6	24	6	84	17	97	71	4	5	58	18	41	42	80	22	74
21	7	24	6	84	17	97	71	4	5	58	18	41	42	80	22	74
21	8	16	87	36	6	17	37	38	18	32	41	20	80	22	74
21	9	16	87	36	6	17	37	38	18	32	41	20	80	22	74
21	10	28	36	6	17	7	37	101	18	19	20	13	22	74
21	11	16	87	36	6	17	37	38	18	32	41	20	80	22	27
22	0	33	1	68	71	72	73	4	5	6	95	53	77	38	93	98	42	80	81	15
22	1	24	6	84	68	97	71	73	4	5	95	90	38	93	94	41	42	80	81	75
22	2	24	6	17	93	114	19	20	13	22	67
22	3	24	6	17	93	114	19	20	13	22	75
22	4	1	6	104	105	31	52	7	106	93	19	20	13	14	100
22	5	16	17	6	57	86	34	45	106	99	41	20	13	14	27
23	0	33	1	68	71	72	73	4	5	95	38	93	41	42	80	81	15
23	1	24	6	84	68	97	71	73	4	5	95	90	38	93	94	41	42	80	81	75
23	2	24	6	17	93	114	19	20	13	22	27
24	0	1	68	71	72	73	35	4	5	6	95	108	8	38	70	41	42	13	81	15
24	1	28	6	17	4	5	7	18	32	19	20	13	22	23
24	2	16	87	36	6	17	37	38	18	32	41	20	80	22	27
25	0	1	116	34	3	71	73	117	30	4	5	6	7	57	9	10	19	20	80	14	15
25	1	16	17	29	30	0	88	2	17	52	7	118	9	10	11	12	21	14	23
25	2	1	6	104	105	31	52	7	106	93	19	20	13	14	23
25	3	16	52	57	86	34	45	65	47	48	9	10	41	20	21	14	23
25	4	16	17	6	31	8	45	119	9	10	120	41	12	56	14	23
25	5	16	17	6	57	86	34	45	106	99	41	20	13	14	23
25	6	16	17	6	31	8	45	119	9	10	120	41	12	56	14	23
25	7	16	17	6	31	8	45	119	9	10	120	41	12	56	14	23
25	8	16	17	6	31	8	45	119	9	10	120	41	12	56	14	23
25	9	16	17	6	31	8	45	119	9	10	120	41	12	56	14	23
25	10	16	52	57	86	34	45	65	47	48	9	10	41	20	21	14	23
25	11	1	6	104	105	31	52	7	106	93	19	20	13	14	27
26	0	1	116	34	3	71	73	117	30	4	5	6	7	57	9	10	19	20	80	14	15
26	1	16	17	29	30	0	88	2	17	52	7	118	9	10	11	12	21	14	74
26	2	16	17	6	31	8	45	119	9	10	120	41	12	56	14	27
27	0	0	1	3	88	6	7	86	8	65	11	12	21	14	15
27	1	24	17	6	0	17	86	34	65	85	19	12	56	14	23
27	2	24	17	6	0	17	65	85	19	20	13	22	27
28	0	33	1	68	71	72	73	6	95	8	93	98	42	43	81	15
28	1	24	6	84	68	97	71	73	4	5	95	90	38	93	94	41	42	80	81	23
28	2	16	6	4	5	93	41	42	80	81	23
28	3	24	108	84	17	71	73	65	93	19	20	13	22	27
29	0	33	68	3	71	72	4	5	6	92	77	38	93	94	19	20	80	81	15
29	1	16	6	17	71	4	5	95	92	96	91	77	93	94	19	20	80	81	75
29	2	24	6	17	93	114	19	20	13	22	74
29	3	16	6	17	71	4	5	95	92	96	91	77	93	94	19	20	80	81	75
29	4	24	6	17	93	114	19	20	13	22	23
29	5	24	17	6	84	17	71	73	4	5	83	93	19	20	13	22	23
29	6	24	84	97	71	95	96	94	98	42	80	22	23
29	7	24	17	6	29	30	31	52	93	101	11	12	21	22	23
29	8	28	31	4	5	46	93	121	19	20	13	22	23
29	9	24	84	97	71	73	95	94	41	42	80	22	23
29	10	24	17	71	95	65	93	19	20	13	22	23
29	11	24	6	31	46	93	19	20	13	22	23
29	12	28	6	71	72	73	83	95	114	19	42	80	81	23
29	13	24	84	68	71	73	95	93	94	41	42	80	81	23
29	14	24	17	71	73	4	5	114	66	19	20	80	22	23
29	15	24	17	6	84	4	5	96	114	19	20	80	22	27
30	0	33	68	3	35	4	5	6	53	122	57	38	46	65	26	69	98	42	80	81	15
30	1	16	6	123	68	72	90	38	65	69	19	20	13	81	23
30	2	24	17	6	17	4	5	65	85	19	20	21	22	23
30	3	24	6	0	17	31	4	5	65	69	19	20	21	22	23
30	4	24	17	52	46	26	69	120	41	20	21	22	27
31	0	33	68	3	35	4	5	6	53	122	57	38	46	65	26	69	98	42	80	81	15
31	1	24	17	52	46	26	69	120	41	20	21	22	74
31	2	24	97	71	73	4	5	65	26	41	20	13	81	23
31	3	16	87	61	39	62	6	17	4	5	91	77	69	41	20	13	81	27
32	0	33	1	34	3	117	30	36	6	7	37	124	99	26	41	42	13	22	15
32	1	16	6	123	68	17	72	35	4	5	7	83	37	38	18	26	41	20	80	81	75
32	2	28	17	6	29	30	0	2	31	4	5	18	32	19	12	21	14	27
33	0	1	68	34	3	77	57	38	39	40	65	19	20	13	22	15
33	1	16	52	57	86	34	45	65	47	48	9	10	41	20	21	14	74
33	2	24	0	2	31	45	65	41	20	13	14	74
33	3	24	6	68	4	5	90	38	65	41	42	13	22	27
34	0	33	1	34	3	35	36	6	37	38	39	40	41	42	43	22	15
34	1	24	17	61	39	62	6	17	4	5	65	19	20	80	22	23
34	2	16	44	58	110	19	125	126	14	23
34	3	28	6	108	33	68	4	5	90	38	127	41	42	80	81	23
34	4	16	29	30	71	73	65	18	11	12	21	22	23
34	5	28	6	17	97	58	18	41	20	13	22	23
34	6	24	17	4	5	64	111	19	20	21	22	23
34	7	24	108	84	17	71	72	76	94	41	42	13	22	27
35	0	1	68	34	3	4	5	6	86	38	65	69	41	20	13	22	15
35	1	16	6	123	68	72	90	38	65	69	19	20	13	81	23
35	2	24	17	29	30	2	17	57	45	65	118	11	12	21	14	27
36	0	33	68	34	71	6	83	37	57	101	98	42	80	81	15
36	1	28	36	6	17	7	37	101	18	19	20	13	22	23
36	2	28	6	71	72	83	37	103	101	41	20	13	22	27
37	0	3	4	5	6	90	58	26	19	20	13	22	15
37	1	24	6	17	72	4	5	38	26	19	20	13	22	107
37	2	24	6	17	31	4	5	26	69	19	20	13	22	27
38	0	33	1	68	71	72	73	4	5	6	95	53	77	38	93	98	42	80	81	15
38	1	24	6	84	68	97	71	73	4	5	95	90	38	93	94	41	42	80	81	74
38	2	24	6	84	68	97	71	73	4	5	95	90	38	93	94	41	42	80	81	23
38	3	16	6	17	71	4	5	95	92	96	91	77	93	94	19	20	80	81	23
38	4	16	17	6	4	5	7	90	38	93	128	19	20	80	81	23
38	5	24	6	84	17	71	72	73	4	5	93	41	42	80	81	23
38	6	1	6	104	105	31	52	7	106	93	19	20	13	14	23
38	7	24	84	68	71	73	95	93	94	41	42	80	81	23
38	8	24	17	6	84	17	71	73	4	5	83	93	19	20	13	22	23
38	9	16	6	68	71	95	90	38	93	19	42	80	81	23
38	10	16	6	4	5	93	41	42	80	81	27
39	0	33	1	68	71	72	73	4	5	6	95	53	77	38	93	98	42	80	81	15
39	1	24	6	84	68	97	71	73	4	5	95	90	38	93	94	41	42	80	81	23
39	2	16	6	68	71	95	90	38	93	19	42	80	81	27
40	0	33	1	68	71	72	73	4	5	6	95	53	77	38	93	98	42	80	81	15
40	1	24	6	84	68	97	71	73	4	5	95	90	38	93	94	41	42	80	81	23
40	2	16	6	4	5	93	41	42	80	81	23
40	3	24	17	6	129	17	51	4	5	64	65	93	11	12	21	22	23
40	4	16	6	17	71	4	5	95	92	96	91	77	93	94	19	20	80	81	23
40	5	16	17	6	4	5	7	90	38	93	128	19	20	80	81	27
41	0	33	1	34	3	35	36	6	37	38	39	40	41	42	43	22	15
41	1	24	84	97	71	73	95	94	41	42	80	22	100
41	2	24	6	84	73	76	95	58	94	41	42	13	22	27
42	0	0	1	34	3	4	5	6	7	122	38	46	69	11	20	13	22	15
42	1	24	6	0	17	31	4	5	65	69	19	20	21	22	23
42	2	16	6	123	68	17	4	5	83	96	91	77	38	26	69	19	20	13	81	23
42	3	24	6	68	17	72	35	4	5	37	38	69	41	42	13	81	27
43	0	33	1	34	3	35	36	6	37	38	39	40	41	42	43	22	15
43	1	28	17	6	44	0	2	17	37	45	46	47	48	49	50	41	20	21	14	23
43	2	24	25	6	108	84	33	71	72	73	76	35	95	37	38	94	98	130	43	131	23
43	3	28	17	61	39	62	6	0	2	17	7	86	34	8	47	48	49	50	11	12	21	14	23
43	4	24	17	6	0	2	4	5	32	132	19	20	13	22	23
43	5	24	1	17	17	51	52	53	86	34	8	45	54	55	19	20	21	14	74
43	6	28	17	17	7	54	55	19	20	13	22	23
43	7	28	17	17	89	53	58	58	54	19	20	13	22	27
44	0	16	1	2	3	6	7	39	40	65	118	41	42	13	22	15
44	1	24	17	6	31	52	65	118	19	20	21	14	23
44	2	16	52	57	86	34	45	65	47	48	9	10	41	20	21	14	23
44	3	24	17	6	17	4	5	65	85	19	20	21	22	27
45	0	1	68	71	72	73	35	4	5	6	95	108	8	38	70	41	42	13	81	15
45	1	28	6	17	4	5	7	18	32	19	20	13	22	23
45	2	6	4	5	18	32	11	12	21	22	23
45	3	6	4	5	18	32	11	12	21	22	23
45	4	16	1	17	6	0	2	52	18	32	19	12	56	14	23
45	5	28	17	6	0	2	31	4	5	18	32	19	12	21	22	23
45	6	16	17	4	5	18	32	19	20	13	22	23
45	7	16	87	36	6	17	37	38	18	32	41	20	80	22	23
45	8	28	6	17	4	5	7	18	32	19	20	13	22	23
45	9	28	6	17	4	5	7	18	32	19	20	13	22	23
45	10	16	87	36	6	17	37	38	18	32	41	20	80	22	23
45	11	28	6	17	4	5	7	18	32	19	20	13	22	23
45	12	16	87	36	6	17	37	38	18	32	41	20	80	22	27
46	0	1	34	31	72	6	86	46	26	19	20	21	22	15
46	1	24	6	17	72	4	5	38	26	19	20	13	22	23
46	2	16	6	17	7	26	19	20	21	22	23
46	3	24	6	17	26	19	20	13	22	23
46	4	28	6	17	4	5	26	102	19	20	21	22	23
46	5	16	17	6	68	17	72	4	5	83	38	18	26	19	20	13	81	27
47	0	1	68	34	3	4	5	6	86	38	65	69	41	20	13	22	15
47	1	16	6	123	68	72	90	38	65	69	19	20	13	81	23
47	2	24	17	6	0	17	65	85	19	20	13	22	27
48	0	0	84	1	34	71	4	5	6	122	58	127	99	41	42	80	22	15
48	1	16	6	17	71	72	73	18	19	20	13	22	100
48	2	16	6	17	71	72	73	18	19	20	13	22	60
48	3	28	133	19	12	56	14	23
48	4	24	108	84	71	73	76	4	5	101	41	42	13	22	27
49	0	0	1	2	3	36	4	5	6	7	92	57	86	8	118	19	20	21	14	15
49	1	16	17	29	30	0	88	2	17	52	7	118	9	10	11	12	21	14	23
49	2	28	17	6	0	2	31	4	5	18	32	19	20	21	22	27
50	0	16	1	2	3	6	7	39	40	65	118	41	42	13	22	15
50	1	24	17	6	31	52	65	118	19	20	21	14	74
50	2	16	52	57	86	34	45	65	47	48	9	10	41	20	21	14	74
50	3	24	0	2	31	45	65	41	20	13	14	74
50	4	24	6	68	4	5	90	38	65	41	42	13	22	27
51	0	1	68	71	6	7	37	77	111	41	42	80	22	15
51	1	28	17	29	30	111	134	41	12	56	14	23
51	2	28	17	44	52	57	111	110	112	19	12	21	14	27
52	0	33	1	34	3	35	36	6	37	38	39	40	41	42	43	22	15
52	1	28	17	31	111	19	20	21	22	75
52	2	28	17	31	111	19	20	21	22	23
52	3	28	6	17	72	4	5	46	18	41	20	13	22	23
52	4	28	17	6	129	17	97	45	49	50	41	20	56	14	100
52	5	28	17	31	111	19	20	21	22	23
52	6	16	88	63	7	92	103	65	11	12	21	14	27
53	0	33	1	68	71	72	73	4	5	6	95	53	77	38	93	98	42	80	81	15
53	1	24	6	84	68	97	71	73	4	5	95	90	38	93	94	41	42	80	81	23
53	2	16	6	17	71	4	5	95	92	96	91	77	93	94	19	20	80	81	27
54	0	1	68	34	3	4	5	6	86	38	65	69	41	20	13	22	15
54	1	16	6	123	68	72	90	38	65	69	19	20	13	81	74
54	2	24	0	2	31	45	65	41	20	13	14	74
54	3	24	6	68	4	5	90	38	65	41	42	13	22	74
54	4	24	6	68	4	5	90	38	65	41	42	13	22	67
54	5	24	17	6	0	17	86	34	65	85	19	12	56	14	107
54	6	28	6	17	31	65	93	85	19	20	21	22	100
54	7	24	17	6	0	17	86	34	65	85	19	12	56	14	27
55	0	0	1	34	3	6	57	39	69	19	20	13	22	15
55	1	24	6	0	17	31	4	5	65	69	19	20	21	22	23
55	2	24	6	0	2	17	69	19	20	13	22	23
55	3	16	87	61	39	62	6	17	4	5	91	77	69	41	20	13	81	23
55	4	16	6	68	17	4	5	83	38	69	19	20	13	81	27
56	0	16	1	2	3	6	7	39	40	65	118	41	42	13	22	15
56	1	24	17	6	31	52	65	118	19	20	21	14	23
56	2	24	17	29	30	2	17	57	45	65	118	11	12	21	14	23
56	3	16	52	57	86	34	45	65	47	48	9	10	41	20	21	14	27
57	0	0	1	34	3	4	5	6	7	8	69	19	20	13	22	15
57	1	24	6	0	17	31	4	5	65	69	19	20	21	22	23
57	2	16	87	61	39	62	6	17	4	5	91	77	69	41	20	13	81	75
57	3	24	6	0	17	31	4	5	65	69	19	20	21	22	67
57	4	16	6	123	68	72	90	38	65	69	19	20	13	81	23
57	5	24	17	6	0	17	86	34	65	85	19	12	56	14	23
57	6	24	17	6	0	2	89	45	65	9	10	19	20	21	14	27
58	0	1	34	3	51	31	89	53	57	54	41	20	56	14	15
58	1	24	1	17	17	51	52	53	86	34	8	45	54	55	19	20	21	14	100
58	2	28	17	17	89	53	58	58	54	19	20	13	22	67
58	3	28	17	17	7	53	57	86	34	91	77	8	45	54	55	11	12	21	14	27
59	0	16	1	2	3	6	7	39	40	65	118	41	42	13	22	15
59	1	24	17	6	31	52	65	118	19	20	21	14	74
59	2	16	52	57	86	34	45	65	47	48	9	10	41	20	21	14	75
59	3	16	52	57	86	34	45	65	47	48	9	10	41	20	21	14	74
59	4	24	0	2	31	45	65	41	20	13	14	100
59	5	24	17	6	0	17	86	34	65	85	19	12	56	14	27
60	0	33	1	34	3	35	36	6	37	38	39	40	41	42	43	22	15
60	1	28	17	31	111	19	20	21	22	107
60	2	28	1	17	6	31	86	34	46	111	19	12	56	22	27
61	0	33	1	34	3	35	36	6	37	38	39	40	41	42	43	22	15
61	1	24	44	97	86	34	8	58	99	66	19	20	21	22	74
61	2	16	6	17	4	5	38	69	19	20	21	22	74
61	3	16	6	123	68	72	90	38	65	69	19	20	13	81	27
62	0	33	1	34	3	35	36	6	37	38	39	40	41	42	43	22	15
62	1	28	17	6	44	0	2	17	37	45	46	47	48	49	50	41	20	21	14	23
62	2	16	52	57	86	34	45	65	47	48	9	10	41	20	21	14	23
62	3	28	1	17	6	17	51	52	53	45	54	55	11	12	56	14	74
62	4	24	1	17	17	51	52	53	86	34	8	45	54	55	19	20	21	14	27
63	0	0	1	34	97	6	7	89	8	103	127	47	48	41	20	56	14	15
63	1	24	84	97	71	73	95	94	41	42	80	22	74
63	2	24	84	97	71	95	96	94	98	42	80	22	27
64	0	33	68	3	71	72	4	5	6	92	77	38	93	94	19	20	80	81	15
64	1	24	84	97	71	73	95	94	41	42	80	22	100
64	2	16	6	90	91	77	38	18	19	42	80	81	75
64	3	16	17	63	90	38	65	19	20	13	22	23
64	4	24	6	17	72	4	5	38	26	19	20	13	22	27
65	0	16	1	2	3	6	7	39	40	65	118	41	42	13	22	15
65	1	24	17	6	31	52	65	118	19	20	21	14	74
65	2	16	52	57	86	34	45	65	47	48	9	10	41	20	21	14	27
66	0	33	68	3	35	4	5	6	53	122	57	38	46	65	26	69	98	42	80	81	15
66	1	16	38	109	41	20	13	22	74
66	2	16	7	59	11	12	21	22	23
66	3	28	44	17	71	46	135	19	20	21	22	27
67	0	0	1	2	34	3	51	4	5	6	122	39	65	26	69	19	20	21	22	15
67	1	16	17	6	0	2	46	18	32	11	12	21	14	23
67	2	16	17	6	29	30	97	90	38	66	41	130	80	22	27
68	0	0	1	2	34	3	51	4	5	6	122	39	65	26	69	19	20	21	22	15
68	1	16	17	6	0	2	46	18	32	11	12	21	14	23
68	2	24	6	31	18	11	20	13	22	27
69	0	0	1	2	34	3	51	4	5	6	122	39	65	26	69	19	20	21	22	15
69	1	16	17	6	0	2	46	18	32	11	12	21	14	23
69	2	24	6	31	18	11	20	13	22	27
