0	0	0	1	2	3	4	5	6	7	8	9	10	11	12	13	14	15	16	17	18	19	20	21	22
0	1	23	24	25	26	27	28	24	11	29	30	31	32	33	34	35	36	37	38	39
0	2	23	24	25	26	27	28	24	11	29	30	31	32	33	34	35	36	37	38	39
0	3	23	24	25	26	27	28	24	11	29	30	31	32	33	34	35	36	37	38	40
0	4	23	25	14	0	1	41	8	42	43	44	35	45	46	21	40
0	5	23	25	14	0	1	41	8	42	43	44	35	45	46	21	47
1	0	48	28	49	2	3	50	51	12	52	53	29	54	55	35	36	56	38	22
1	1	57	9	58	49	59	60	36	61	62	40
1	2	63	24	25	24	59	60	64	61	62	40
1	3	63	24	25	24	59	60	64	61	62	47
2	0	48	49	2	3	50	12	65	30	66	60	64	61	38	22
2	1	57	50	65	58	49	29	67	31	32	55	68	35	36	37	38	40
2	2	63	25	42	69	60	64	37	38	40
2	3	63	25	42	69	60	64	37	38	40
2	4	23	24	70	71	72	25	27	28	24	9	58	49	73	31	32	33	34	74	64	37	38	40
2	5	23	24	70	71	72	25	27	28	24	9	58	49	73	31	32	33	34	74	64	37	38	47
3	0	48	49	2	3	50	12	65	30	66	60	64	61	38	22
3	1	57	50	65	58	49	29	67	31	32	55	68	35	36	37	38	40
3	2	23	24	75	51	24	50	69	60	64	37	62	40
3	3	23	24	75	51	24	50	69	60	64	37	62	47
4	0	0	48	1	2	3	76	5	6	7	8	9	12	29	17	35	45	46	21	22
4	1	23	24	25	26	27	28	24	11	29	30	31	32	33	34	35	36	37	38	77
4	2	23	24	70	71	72	25	27	28	24	9	58	49	73	31	32	33	34	74	64	37	38	47
5	0	48	1	50	65	31	35	64	61	62	22
5	1	23	24	25	26	27	28	24	11	29	30	31	32	33	34	35	36	37	38	40
5	2	23	26	24	50	78	44	79	80	35	36	56	62	47
6	0	1	2	3	5	6	7	8	12	15	16	17	35	45	46	21	22
6	1	23	24	25	26	27	28	24	11	29	30	31	32	33	34	35	36	37	38	39
6	2	23	24	25	26	27	28	24	11	29	30	31	32	33	34	35	36	37	38	77
6	3	23	24	70	71	72	25	27	28	24	9	58	49	73	31	32	33	34	74	64	37	38	39
6	4	23	24	25	26	27	28	24	11	29	30	31	32	33	34	35	36	37	38	40
6	5	63	24	50	73	81	29	33	34	60	36	37	38	47
7	0	49	2	3	4	82	50	54	69	60	36	37	38	22
7	1	63	25	24	4	41	8	69	83	60	36	56	62	40
7	2	63	24	69	60	36	37	62	47
8	0	49	2	3	4	82	50	54	69	60	36	37	38	22
8	1	63	25	24	4	41	8	69	83	60	36	56	62	40
8	2	63	24	69	60	36	37	62	47
9	0	48	2	3	4	41	65	59	60	36	37	62	22
9	1	23	24	75	51	27	28	4	41	8	59	84	60	36	37	62	85
9	2	23	24	25	75	51	27	28	4	41	8	59	84	60	64	37	38	47
10	0	49	2	3	82	12	54	86	87	35	64	37	38	22
10	1	57	50	65	58	49	29	67	31	32	55	68	35	36	37	38	85
10	2	57	50	65	58	49	29	67	31	32	55	68	35	36	37	38	85
10	3	57	50	65	58	49	29	67	31	32	55	68	35	36	37	38	40
10	4	63	24	25	27	28	82	29	67	55	68	60	36	37	38	47
11	0	49	2	3	4	82	50	54	69	60	36	37	38	22
11	1	63	25	24	4	41	8	69	83	60	36	56	62	40
11	2	63	24	69	60	36	37	62	47
12	0	0	1	2	3	4	5	6	7	8	9	10	11	12	13	14	15	16	17	18	19	20	21	22
12	1	23	24	25	26	27	28	24	11	29	30	31	32	33	34	35	36	37	38	77
12	2	23	24	70	71	72	25	27	28	24	9	58	49	73	31	32	33	34	74	64	37	38	47
13	0	49	2	3	4	82	50	54	69	60	36	37	38	22
13	1	63	25	24	4	41	8	69	83	60	36	56	62	40
13	2	63	24	69	60	36	37	62	47
14	0	48	1	28	2	3	88	5	6	7	41	89	12	14	65	78	90	18	45	46	62	22
14	1	23	24	25	26	27	28	24	11	29	30	31	32	33	34	35	36	37	38	40
14	2	57	50	65	58	49	29	67	31	32	55	68	35	36	37	38	47
15	0	59	74	64	37	62	22
15	1	63	24	25	27	28	4	41	8	59	84	74	64	37	62	39
15	2	23	24	25	75	51	27	28	4	41	8	59	84	60	64	37	38	47
16	0	1	28	49	2	3	88	76	5	7	8	9	89	11	78	90	35	45	46	62	22
16	1	23	24	25	26	27	28	24	11	29	30	31	32	33	34	35	36	37	38	40
16	2	23	25	14	0	1	41	8	42	43	44	35	45	46	21	40
16	3	57	50	65	58	49	29	67	31	32	55	68	35	36	37	38	40
16	4	63	14	91	78	44	35	45	46	21	40
16	5	63	24	50	41	8	9	92	93	31	32	60	36	56	62	40
16	6	63	24	94	24	41	8	89	95	96	35	45	46	62	47
17	0	48	1	50	65	31	35	64	61	62	22
17	1	23	24	25	26	27	28	24	11	29	30	31	32	33	34	35	36	37	38	39
17	2	23	24	25	26	27	28	24	11	29	30	31	32	33	34	35	36	37	38	97
17	3	23	24	25	26	27	28	24	11	29	30	31	32	33	34	35	36	37	38	77
17	4	23	24	70	71	72	25	27	28	24	9	58	49	73	31	32	33	34	74	64	37	38	47
18	0	48	1	50	65	31	35	64	61	62	22
18	1	23	24	25	26	27	28	24	11	29	30	31	32	33	34	35	36	37	38	98
18	2	23	24	70	71	72	25	27	28	24	9	58	49	73	31	32	33	34	74	64	37	38	39
18	3	23	24	25	26	27	28	24	11	29	30	31	32	33	34	35	36	37	38	77
18	4	23	24	70	71	72	25	27	28	24	9	58	49	73	31	32	33	34	74	64	37	38	97
18	5	23	24	25	26	27	28	24	11	29	30	31	32	33	34	35	36	37	38	97
18	6	23	24	25	26	27	28	24	11	29	30	31	32	33	34	35	36	37	38	40
18	7	57	50	65	58	49	29	67	31	32	55	68	35	36	37	38	39
18	8	63	27	28	4	29	67	35	36	56	38	47
19	0	48	1	50	65	31	35	64	61	62	22
19	1	23	24	25	26	27	28	24	11	29	30	31	32	33	34	35	36	37	38	77
19	2	23	24	70	71	72	25	27	28	24	9	58	49	73	31	32	33	34	74	64	37	38	47
20	0	1	2	3	88	5	6	7	93	65	15	16	90	35	45	46	62	22
20	1	23	24	25	26	27	28	24	11	29	30	31	32	33	34	35	36	37	38	40
20	2	23	24	25	24	41	8	9	11	95	96	35	36	46	62	47
21	0	48	1	28	2	3	88	5	6	7	41	89	12	14	65	78	90	18	45	46	62	22
21	1	23	24	25	26	27	28	24	11	29	30	31	32	33	34	35	36	37	38	39
21	2	23	24	25	26	27	28	24	11	29	30	31	32	33	34	35	36	37	38	85
21	3	23	24	25	26	27	28	24	11	29	30	31	32	33	34	35	36	37	38	40
21	4	23	26	24	50	78	44	79	80	35	36	56	62	47
22	0	28	49	2	3	88	54	86	87	35	64	37	38	22
22	1	57	50	65	58	49	29	67	31	32	55	68	35	36	37	38	40
22	2	57	24	25	4	73	29	99	55	68	100	35	64	61	38	40
22	3	63	24	27	28	59	84	60	64	37	38	40
22	4	63	24	25	27	28	82	29	67	55	68	60	36	37	38	40
22	5	23	24	70	71	72	25	27	28	24	9	58	49	73	31	32	33	34	74	64	37	38	40
22	6	23	26	24	50	78	44	79	80	35	36	56	62	40
22	7	57	24	27	28	59	84	60	64	37	38	40
22	8	57	24	27	28	59	84	60	64	37	38	40
22	9	57	24	75	51	27	101	28	24	50	9	102	55	68	74	64	37	38	47
23	0	48	1	28	2	3	88	5	6	7	41	89	12	14	65	78	90	18	45	46	62	22
23	1	23	24	25	26	27	28	24	11	29	30	31	32	33	34	35	36	37	38	40
23	2	57	50	65	58	49	29	67	31	32	55	68	35	36	37	38	47
24	0	0	1	2	3	4	5	6	7	8	9	10	11	12	13	14	15	16	17	18	19	20	21	22
24	1	23	24	25	26	27	28	24	11	29	30	31	32	33	34	35	36	37	38	40
24	2	63	24	94	24	41	8	89	95	96	35	45	46	62	47
25	0	0	1	2	3	4	5	6	7	8	9	10	11	12	13	14	15	16	17	18	19	20	21	22
25	1	23	24	25	26	27	28	24	11	29	30	31	32	33	34	35	36	37	38	39
25	2	23	24	25	26	27	28	24	11	29	30	31	32	33	34	35	36	37	38	40
25	3	63	24	50	41	8	9	92	93	31	32	60	36	56	62	39
25	4	23	24	25	26	27	28	24	11	29	30	31	32	33	34	35	36	37	38	40
25	5	63	25	94	24	41	8	44	35	36	46	62	39
25	6	23	24	25	26	27	28	24	11	29	30	31	32	33	34	35	36	37	38	40
25	7	23	24	70	71	72	25	27	28	24	9	58	49	73	31	32	33	34	74	64	37	38	39
25	8	23	24	25	26	27	28	24	11	29	30	31	32	33	34	35	36	37	38	40
25	9	23	25	14	0	1	41	8	42	43	44	35	45	46	21	40
25	10	63	14	91	78	44	35	45	46	21	40
25	11	25	94	24	5	89	11	95	96	35	45	46	62	40
25	12	63	14	91	78	44	35	45	46	21	47
26	0	103	74	64	37	62	22
26	1	63	24	25	104	24	105	41	8	81	67	103	74	64	37	62	39
26	2	23	25	24	4	67	103	106	60	36	37	62	39
26	3	63	24	25	27	24	67	106	60	36	56	62	39
26	4	23	25	24	4	67	103	106	60	36	37	62	39
26	5	23	25	24	4	67	103	106	60	36	37	62	39
26	6	63	24	25	104	24	105	41	8	81	67	103	74	64	37	62	39
26	7	23	25	24	4	67	103	106	60	36	37	62	47
27	0	2	3	93	92	31	60	36	56	38	22
27	1	23	24	25	26	27	28	24	11	29	30	31	32	33	34	35	36	37	38	40
27	2	57	50	65	58	49	29	67	31	32	55	68	35	36	37	38	39
27	3	63	27	28	4	29	67	35	36	56	38	40
27	4	63	25	1	41	8	42	43	67	35	45	56	62	40
27	5	57	25	42	43	67	59	60	36	46	62	47
28	0	0	48	1	2	3	76	5	6	7	8	9	12	29	17	35	45	46	21	22
28	1	23	24	25	26	27	28	24	11	29	30	31	32	33	34	35	36	37	38	40
28	2	63	24	50	41	8	9	92	93	31	32	60	36	56	62	47
29	0	48	28	49	2	3	50	51	12	52	53	29	54	55	35	36	56	38	22
29	1	107	24	25	75	51	27	101	28	50	41	8	9	82	67	55	68	74	36	56	38	40
29	2	48	25	52	53	4	50	9	108	103	60	36	56	38	47
30	0	27	48	28	49	2	3	88	41	50	51	16	31	60	36	56	62	22
30	1	23	24	25	26	27	28	24	11	29	30	31	32	33	34	35	36	37	38	39
30	2	23	24	25	26	27	28	24	11	29	30	31	32	33	34	35	36	37	38	77
30	3	23	24	70	71	72	25	27	28	24	9	58	49	73	31	32	33	34	74	64	37	38	47
31	0	27	48	28	2	3	50	69	60	64	61	38	22
31	1	63	25	42	69	60	64	37	38	40
31	2	57	24	25	41	8	109	69	60	36	56	62	40
31	3	23	24	25	24	69	74	64	61	62	47
32	0	28	49	2	3	8	50	51	110	111	60	36	37	62	22
32	1	23	24	25	26	27	28	24	11	29	30	31	32	33	34	35	36	37	38	40
32	2	57	75	51	24	76	9	112	106	60	36	37	62	40
32	3	23	24	82	89	44	60	36	37	62	40
32	4	23	24	70	71	72	25	27	28	24	9	58	49	73	31	32	33	34	74	64	37	38	47
33	0	27	48	28	2	3	50	69	60	64	61	38	22
33	1	63	25	42	69	60	64	37	38	113
33	2	63	25	41	8	42	69	60	36	46	62	40
33	3	57	24	25	41	8	109	69	60	36	56	62	40
33	4	23	24	25	24	69	74	64	61	62	47
34	0	0	1	2	3	4	5	6	7	8	9	10	11	12	13	14	15	16	17	18	19	20	21	22
34	1	23	24	25	26	27	28	24	11	29	30	31	32	33	34	35	36	37	38	39
34	2	23	24	25	26	27	28	24	11	29	30	31	32	33	34	35	36	37	38	113
34	3	57	50	65	58	49	29	67	31	32	55	68	35	36	37	38	47
35	0	0	48	1	2	3	4	76	5	6	7	8	50	10	12	17	35	45	46	21	22
35	1	23	24	25	26	27	28	24	11	29	30	31	32	33	34	35	36	37	38	40
35	2	25	94	24	5	89	11	95	96	35	45	46	62	40
35	3	23	24	25	24	41	8	9	11	95	96	35	36	46	62	47
36	0	0	48	1	2	3	4	76	5	6	7	8	50	10	12	17	35	45	46	21	22
36	1	23	24	25	26	27	28	24	11	29	30	31	32	33	34	35	36	37	38	40
36	2	23	24	25	24	41	8	9	11	95	96	35	36	46	62	40
36	3	25	94	24	5	89	11	95	96	35	45	46	62	40
36	4	63	24	94	24	41	8	89	95	96	35	45	46	62	40
36	5	63	14	91	78	44	35	45	46	21	40
36	6	23	24	25	26	27	28	24	11	29	30	31	32	33	34	35	36	37	38	47
37	0	48	28	49	2	3	50	51	12	52	53	29	54	55	35	36	56	38	22
37	1	107	24	25	75	51	27	101	28	50	41	8	9	82	67	55	68	74	36	56	38	85
37	2	107	24	25	75	51	27	101	28	50	41	8	9	82	67	55	68	74	36	56	38	40
37	3	57	24	75	51	27	101	28	24	50	9	102	55	68	74	64	37	38	85
37	4	57	24	75	51	27	101	28	24	50	9	102	55	68	74	64	37	38	77
37	5	57	107	24	70	71	72	25	27	101	28	24	50	41	8	82	11	114	102	74	64	56	62	47
38	0	0	1	2	3	4	5	6	7	8	9	10	11	12	13	14	15	16	17	18	19	20	21	22
38	1	23	24	25	26	27	28	24	11	29	30	31	32	33	34	35	36	37	38	40
38	2	23	24	70	71	72	25	27	28	24	9	58	49	73	31	32	33	34	74	64	37	38	40
38	3	23	24	70	71	72	25	27	28	24	9	58	49	73	31	32	33	34	74	64	37	38	47
39	0	48	1	50	65	31	35	64	61	62	22
39	1	23	24	25	26	27	28	24	11	29	30	31	32	33	34	35	36	37	38	40
39	2	63	24	50	41	8	9	92	93	31	32	60	36	56	62	40
39	3	23	26	24	50	78	44	79	80	35	36	56	62	40
39	4	57	50	65	58	49	29	67	31	32	55	68	35	36	37	38	47
40	0	48	1	2	3	4	5	6	7	11	83	18	45	56	21	22
40	1	57	25	115	1	5	42	43	67	83	60	36	56	21	40
40	2	57	25	115	1	5	43	83	35	45	56	21	47
41	0	48	1	28	2	3	88	5	6	7	41	89	12	14	65	78	90	18	45	46	62	22
41	1	23	24	25	26	27	28	24	11	29	30	31	32	33	34	35	36	37	38	39
41	2	23	24	25	26	27	28	24	11	29	30	31	32	33	34	35	36	37	38	40
41	3	23	26	24	50	78	44	79	80	35	36	56	62	47
42	0	0	48	1	2	3	76	5	6	7	8	9	12	29	17	35	45	46	21	22
42	1	23	24	25	26	27	28	24	11	29	30	31	32	33	34	35	36	37	38	40
42	2	23	24	25	24	41	8	9	11	95	96	35	36	46	62	47
43	0	48	2	3	41	50	13	93	116	60	36	56	62	22
43	1	23	7	25	24	9	11	116	59	60	36	56	62	39
43	2	57	107	7	25	24	11	43	59	84	35	36	46	62	77
43	3	23	7	25	24	9	11	116	59	60	36	56	62	39
43	4	57	107	7	25	24	11	43	59	84	35	36	46	62	39
43	5	57	107	7	25	24	11	43	59	84	35	36	46	62	39
43	6	63	25	94	24	91	76	41	8	78	59	35	45	46	62	47
44	0	28	49	2	3	88	54	86	87	35	64	37	38	22
44	1	57	50	65	58	49	29	67	31	32	55	68	35	36	37	38	40
44	2	57	24	25	75	51	27	28	84	60	64	37	38	47
45	0	48	1	28	2	3	88	5	6	7	41	89	12	14	65	78	90	18	45	46	62	22
45	1	23	24	25	26	27	28	24	11	29	30	31	32	33	34	35	36	37	38	39
45	2	23	24	25	26	27	28	24	11	29	30	31	32	33	34	35	36	37	38	40
45	3	57	50	65	58	49	29	67	31	32	55	68	35	36	37	38	97
45	4	63	24	25	27	28	82	29	67	55	68	60	36	37	38	47
46	0	49	89	50	54	106	74	64	37	62	22
46	1	63	24	25	27	24	58	49	67	106	60	64	61	38	40
46	2	23	25	24	4	67	103	106	60	36	37	62	47
47	0	48	2	3	8	9	50	12	110	60	36	56	62	22
47	1	23	24	25	26	27	28	24	11	29	30	31	32	33	34	35	36	37	38	40
47	2	23	26	24	50	78	44	79	80	35	36	56	62	40
47	3	23	24	70	71	72	25	27	28	24	9	58	49	73	31	32	33	34	74	64	37	38	47
48	0	48	1	28	2	3	88	5	6	7	41	89	12	14	65	78	90	18	45	46	62	22
48	1	23	24	25	26	27	28	24	11	29	30	31	32	33	34	35	36	37	38	39
48	2	23	24	25	26	27	28	24	11	29	30	31	32	33	34	35	36	37	38	85
48	3	23	24	25	26	27	28	24	11	29	30	31	32	33	34	35	36	37	38	97
48	4	23	24	25	26	27	28	24	11	29	30	31	32	33	34	35	36	37	38	40
48	5	23	25	14	0	1	41	8	42	43	44	35	45	46	21	47
49	0	48	1	50	65	31	35	64	61	62	22
49	1	23	24	25	26	27	28	24	11	29	30	31	32	33	34	35	36	37	38	40
49	2	23	24	25	104	24	91	29	33	34	35	36	61	38	47
50	0	59	74	64	37	62	22
50	1	63	24	25	27	28	4	41	8	59	84	74	64	37	62	39
50	2	63	24	25	27	28	4	41	8	59	84	74	64	37	62	77
50	3	57	24	25	27	28	30	59	84	74	64	37	38	47
51	0	48	1	2	3	6	7	50	10	11	12	54	17	18	45	46	62	22
51	1	23	24	25	26	27	28	24	11	29	30	31	32	33	34	35	36	37	38	40
51	2	25	94	24	5	89	11	95	96	35	45	46	62	47
52	0	48	28	2	3	4	8	50	12	110	60	36	56	62	22
52	1	23	24	25	26	27	28	24	11	29	30	31	32	33	34	35	36	37	38	40
52	2	57	50	65	58	49	29	67	31	32	55	68	35	36	37	38	47
53	0	48	1	50	65	31	35	64	61	62	22
53	1	23	24	25	26	27	28	24	11	29	30	31	32	33	34	35	36	37	38	39
53	2	23	24	25	26	27	28	24	11	29	30	31	32	33	34	35	36	37	38	40
53	3	23	25	14	0	1	41	8	42	43	44	35	45	46	21	47
54	0	0	1	2	3	4	5	6	7	8	9	10	11	12	13	14	15	16	17	18	19	20	21	22
54	1	23	24	25	26	27	28	24	11	29	30	31	32	33	34	35	36	37	38	40
54	2	63	25	94	24	41	8	44	35	36	46	62	40
54	3	63	14	91	78	44	35	45	46	21	40
54	4	63	24	94	24	41	8	89	95	96	35	45	46	62	40
54	5	25	94	24	5	89	11	95	96	35	45	46	62	40
54	6	23	25	14	0	1	41	8	42	43	44	35	45	46	21	47
55	0	48	1	28	2	3	88	5	6	7	41	89	12	14	65	78	90	18	45	46	62	22
55	1	23	24	25	26	27	28	24	11	29	30	31	32	33	34	35	36	37	38	40
55	2	23	26	24	50	78	44	79	80	35	36	56	62	47
56	0	0	1	2	3	4	5	6	7	8	9	10	11	12	13	14	15	16	17	18	19	20	21	22
56	1	23	24	25	26	27	28	24	11	29	30	31	32	33	34	35	36	37	38	39
56	2	23	24	25	26	27	28	24	11	29	30	31	32	33	34	35	36	37	38	40
56	3	63	14	91	78	44	35	45	46	21	40
56	4	63	25	94	24	41	8	44	35	36	46	62	40
56	5	63	24	50	41	8	9	92	93	31	32	60	36	56	62	40
56	6	23	24	70	71	72	25	27	28	24	9	58	49	73	31	32	33	34	74	64	37	38	40
56	7	63	24	50	41	8	9	92	93	31	32	60	36	56	62	40
56	8	23	24	25	24	41	8	9	11	95	96	35	36	46	62	113
56	9	63	24	94	24	41	8	89	95	96	35	45	46	62	40
56	10	23	25	24	76	30	95	60	36	56	62	113
56	11	23	24	25	26	27	28	24	11	29	30	31	32	33	34	35	36	37	38	40
56	12	23	24	25	24	41	8	9	11	95	96	35	36	46	62	40
56	13	25	94	24	5	89	11	95	96	35	45	46	62	40
56	14	23	24	25	26	27	28	24	11	29	30	31	32	33	34	35	36	37	38	40
56	15	25	94	24	5	89	11	95	96	35	45	46	62	40
56	16	23	25	14	0	1	41	8	42	43	44	35	45	46	21	40
56	17	23	25	14	0	1	41	8	42	43	44	35	45	46	21	40
56	18	23	25	14	0	1	41	8	42	43	44	35	45	46	21	40
56	19	57	24	25	88	5	41	8	89	95	96	74	64	37	62	40
56	20	23	25	14	0	1	41	8	42	43	44	35	45	46	21	40
56	21	63	24	94	24	41	8	89	95	96	35	45	46	62	47
57	0	0	48	1	2	3	76	5	6	7	8	9	12	29	17	35	45	46	21	22
57	1	23	24	25	26	27	28	24	11	29	30	31	32	33	34	35	36	37	38	97
57	2	23	24	25	26	27	28	24	11	29	30	31	32	33	34	35	36	37	38	40
57	3	23	24	25	24	41	8	9	11	95	96	35	36	46	62	47
58	0	74	64	37	62	22
58	1	23	91	59	74	64	37	62	40
58	2	63	25	4	59	74	64	37	62	40
58	3	23	26	24	50	58	49	79	74	64	37	62	40
58	4	23	25	24	117	74	64	37	62	47
59	0	0	1	2	3	4	5	6	7	8	9	10	11	12	13	14	15	16	17	18	19	20	21	22
59	1	23	24	25	26	27	28	24	11	29	30	31	32	33	34	35	36	37	38	40
59	2	25	94	24	5	89	11	95	96	35	45	46	62	40
59	3	57	24	25	88	5	41	8	89	95	96	74	64	37	62	47
60	0	48	49	2	3	50	12	65	30	66	60	64	61	38	22
60	1	57	50	65	58	49	29	67	31	32	55	68	35	36	37	38	40
60	2	23	24	75	51	24	50	69	60	64	37	62	40
60	3	63	25	42	69	60	64	37	38	47
61	0	0	48	1	2	3	76	5	6	7	8	9	12	29	17	35	45	46	21	22
61	1	23	24	25	26	27	28	24	11	29	30	31	32	33	34	35	36	37	38	40
61	2	23	24	25	24	41	8	9	11	95	96	35	36	46	62	47
62	0	0	48	1	2	3	76	5	6	7	8	9	12	29	17	35	45	46	21	22
62	1	23	24	25	26	27	28	24	11	29	30	31	32	33	34	35	36	37	38	40
62	2	23	24	25	24	41	8	9	11	95	96	35	36	46	62	47
63	0	2	3	59	18	36	37	62	22
63	1	57	107	7	25	24	11	43	59	84	35	36	46	62	85
63	2	23	24	25	75	51	27	28	4	41	8	59	84	60	64	37	38	47
64	0	48	1	2	3	4	5	6	7	11	83	18	45	56	21	22
64	1	57	25	115	1	5	42	43	67	83	60	36	56	21	77
64	2	63	24	25	27	24	58	49	67	106	60	64	61	38	47
65	0	48	1	28	2	3	88	5	6	7	41	89	12	14	65	78	90	18	45	46	62	22
65	1	23	24	25	26	27	28	24	11	29	30	31	32	33	34	35	36	37	38	39
65	2	23	24	25	26	27	28	24	11	29	30	31	32	33	34	35	36	37	38	40
65	3	57	50	65	58	49	29	67	31	32	55	68	35	36	37	38	39
65	4	63	27	28	4	29	67	35	36	56	38	47
66	0	48	1	28	2	3	88	5	6	7	41	89	12	14	65	78	90	18	45	46	62	22
66	1	23	24	25	26	27	28	24	11	29	30	31	32	33	34	35	36	37	38	40
66	2	23	25	14	0	1	41	8	42	43	44	35	45	46	21	47
67	0	48	2	3	4	8	89	59	60	36	37	62	22
67	1	23	24	75	51	27	28	4	41	8	59	84	60	36	37	62	40
67	2	23	24	25	27	28	4	41	8	59	84	60	36	37	62	40
67	3	23	24	25	75	51	27	28	4	41	8	59	84	60	64	37	38	40
67	4	63	25	59	84	60	36	37	62	47
68	0	48	1	2	3	4	5	6	8	10	42	14	93	65	103	35	45	46	21	22
68	1	63	25	94	1	91	76	118	41	8	10	42	43	103	119	35	45	46	21	85
68	2	63	25	24	103	120	60	36	56	62	39
68	3	57	25	24	76	41	8	10	12	112	92	93	103	119	60	36	46	21	97
68	4	63	14	94	24	76	118	67	103	60	36	56	62	47
69	0	48	1	2	3	4	5	6	7	11	83	18	45	56	21	22
69	1	57	25	115	1	5	42	43	67	83	60	36	56	21	40
69	2	63	25	1	24	5	6	41	8	11	43	83	35	45	56	21	47
70	0	0	48	1	2	3	4	76	5	6	7	8	50	10	12	17	35	45	46	21	22
70	1	23	24	25	26	27	28	24	11	29	30	31	32	33	34	35	36	37	38	39
70	2	23	24	25	26	27	28	24	11	29	30	31	32	33	34	35	36	37	38	113
70	3	57	50	65	58	49	29	67	31	32	55	68	35	36	37	38	47
71	0	103	74	64	37	62	22
71	1	63	24	25	104	24	105	41	8	81	67	103	74	64	37	62	40
71	2	57	25	1	76	10	42	43	103	60	45	46	21	40
71	3	63	94	1	76	118	10	103	119	35	45	46	21	40
71	4	57	25	24	76	41	8	10	12	112	92	93	103	119	60	36	46	21	40
71	5	63	24	25	75	51	4	50	103	116	74	64	37	62	40
71	6	57	42	43	103	74	64	37	62	40
71	7	57	24	25	41	8	9	42	43	103	121	60	36	46	21	40
71	8	57	25	41	8	103	35	45	46	21	40
71	9	23	103	122	74	64	37	62	47
72	0	48	1	28	2	3	88	5	6	7	41	89	12	14	65	78	90	18	45	46	62	22
72	1	23	24	25	26	27	28	24	11	29	30	31	32	33	34	35	36	37	38	40
72	2	57	50	65	58	49	29	67	31	32	55	68	35	36	37	38	47
73	0	0	1	2	3	4	5	6	7	8	9	10	11	12	13	14	15	16	17	18	19	20	21	22
73	1	23	24	25	26	27	28	24	11	29	30	31	32	33	34	35	36	37	38	40
73	2	23	24	25	24	41	8	9	11	95	96	35	36	46	62	47
74	0	0	48	1	2	3	4	76	5	6	7	8	50	10	12	17	35	45	46	21	22
74	1	23	24	25	26	27	28	24	11	29	30	31	32	33	34	35	36	37	38	39
74	2	23	24	25	26	27	28	24	11	29	30	31	32	33	34	35	36	37	38	40
74	3	63	14	91	78	44	35	45	46	21	40
74	4	23	24	25	26	27	28	24	11	29	30	31	32	33	34	35	36	37	38	47
75	0	48	1	28	2	3	88	5	6	7	41	89	12	14	65	78	90	18	45	46	62	22
75	1	23	24	25	26	27	28	24	11	29	30	31	32	33	34	35	36	37	38	40
75	2	63	14	91	78	44	35	45	46	21	47
76	0	48	1	2	3	4	5	6	7	11	83	18	45	56	21	22
76	1	57	25	115	1	5	42	43	67	83	60	36	56	21	40
76	2	63	25	1	24	5	6	41	8	11	43	83	35	45	56	21	47
77	0	27	48	28	49	2	3	88	41	50	51	16	31	60	36	56	62	22
77	1	23	24	25	26	27	28	24	11	29	30	31	32	33	34	35	36	37	38	39
77	2	23	24	25	26	27	28	24	11	29	30	31	32	33	34	35	36	37	38	98
77	3	23	24	25	26	27	28	24	11	29	30	31	32	33	34	35	36	37	38	113
77	4	23	24	25	26	27	28	24	11	29	30	31	32	33	34	35	36	37	38	98
77	5	23	24	25	26	27	28	24	11	29	30	31	32	33	34	35	36	37	38	40
77	6	23	24	78	79	120	60	36	37	62	40
77	7	63	24	50	41	8	9	92	93	31	32	60	36	56	62	47
78	0	49	2	3	88	8	50	12	16	69	60	36	37	62	22
78	1	63	24	25	27	24	50	41	8	69	35	36	37	62	39
78	2	57	25	115	1	24	41	8	43	69	35	36	56	62	39
78	3	57	25	115	1	24	5	6	41	8	9	89	11	43	59	69	35	36	46	21	113
78	4	57	24	25	1	24	5	41	8	89	43	59	69	60	36	56	21	47
